27205
40057
27104
55519
82748
17200
7882
86842
28896
37203
16477
52820
38977
82884
12687
66206
38159
8385
74035
96269
96045
50059
24030
3489
41643
62472
2500
4072
73604
41563
63899
78735
66838
79245
23413
96816
83491
6943
22484
49278
9892
17089
56815
61704
99731
93260
27366
58668
88563
11288
99547
80250
45852
66275
46085
80582
29079
98707
6664
74141
76144
7490
65550
29925
89539
21687
95579
22731
76560
9572
4894
66387
13082
58098
10800
58464
41053
43656
1196
78747
62714
3595
32206
13574
54969
60018
73121
30384
68245
16829
56502
43057
61901
91567
67322
71398
70384
72901
63502
99381
72371
76635
47761
79920
54870
17974
10760
53120
65411
70311
62581
47845
37866
30079
61655
90592
96455
74139
81299
72757
28525
56249
99066
56906
18987
19632
50172
42454
69775
42212
22179
27551
494
77576
73012
17204
21706
98414
10930
40303
72145
70718
85554
90842
23182
90634
11380
58255
6479
67169
11033
52319
72134
64277
12777
83325
83153
97968
77621
7431
54185
83930
69688
35815
80638
29495
48961
48383
9466
94128
29529
84278
17945
2872
29506
72084
33519
87145
86620
79412
96582
54691
43063
9382
91165
1788
58170
26991
17300
27375
58264
74853
24789
91569
98807
94822
86941
71465
88126
59845
61879
26751
36791
8851
24641
27248
32669
10023
85922
81078
72648
13940
61828
95075
48140
269
61647
48049
98146
60982
7484
40043
36776
36358
35758
30163
28299
3731
49251
92159
64933
71075
48445
49869
38108
41678
63323
21715
18955
92338
36996
55092
74670
93191
50633
93854
73320
33139
66012
34924
13705
43268
96387
43207
84618
54816
93279
47193
33029
13996
10703
40484
63031
38778
57357
85387
53501
61376
17424
86857
10896
30919
2524
78884
97247
63154
84621
76590
4443
89949
36985
5985
64349
21457
47306
31633
94638
68672
19476
73442
65952
41549
84424
71831
6659
52616
3178
84570
94641
47412
87468
21186
63012
48671
86991
74323
63007
60810
8383
88368
70328
70586
72800
85008
1871
74078
89565
44725
46445
15982
86961
79528
35326
51429
91484
96437
27595
69473
64528
98766
10644
43912
3529
55317
5993
48558
74203
61408
14103
49838
27612
10364
44186
30109
11382
71326
99228
63069
65038
57847
32591
26058
33115
31898
79161
58554
93408
29276
72332
36421
45697
25814
11775
18402
43335
23854
83200
57477
40851
82118
27103
22528
90827
30915
51672
45186
29200
76090
67069
99736
18429
13948
17371
53307
47477
13569
71531
35254
52428
38283
86926
83075
70492
23377
96296
68950
24016
64243
3877
31185
88732
87178
39605
56886
62070
64965
22513
31275
28860
32314
21036
33589
40986
65285
9408
84558
23532
43089
59379
46569
47497
23448
78047
97871
39530
25230
51751
39676
5979
55152
64852
13365
60869
51912
82044
51428
6448
13713
56923
87746
56206
27076
62908
17806
94233
4999
91460
68187
29682
7080
61736
7503
85911
503
22308
70053
11993
51769
13899
36570
14094
8390
69062
55388
31984
2655
89468
67093
62899
22660
32945
55994
61
11854
10616
17277
93700
43858
74493
54668
34915
41790
61644
96601
63252
59540
88025
21263
61719
67305
5444
84781
19851
30170
73186
42876
58707
42312
35054
24515
59448
39072
21650
69285
66140
53270
67266
64667
47037
52204
35857
37080
27151
9379
14140
14172
95429
83815
34281
2674
11136
83433
3094
92913
30985
76147
6465
8866
83444
42493
76776
84467
65562
1128
91138
32524
34593
22195
39452
31812
39698
61505
21558
20922
2023
7380
54966
94176
38955
80434
72137
25029
22385
99893
76260
906
31569
74307
9744
83485
32552
60899
94219
92415
68688
85353
15859
50213
75157
7514
29190
97541
34180
49012
88638
87313
96263
19663
2222
89779
53627
68118
84519
82053
24989
99339
79026
74338
81627
98147
77393
4003
55656
21372
79503
10803
73019
76616
85802
94882
53213
81159
17444
34589
69372
47354
51365
31879
7092
22887
32569
50177
31190
48763
88600
826
98499
97796
56287
10069
37948
14025
20218
38430
16091
98674
58202
1695
13771
73181
37494
64497
75317
70518
68580
47073
12879
35015
93384
59029
37628
94770
67620
10332
26298
64469
48851
79649
70258
46253
15875
50804
95808
4280
6436
29235
45151
66985
45019
58731
96797
51996
20756
58942
4504
63367
83872
82610
15626
94210
23723
86470
78398
97408
56389
60064
33448
94187
53484
65316
14647
87020
15292
93956
91855
1890
95821
30628
67916
44916
7131
71
78983
91219
8019
75082
94168
21308
4987
71547
94514
30860
36303
73766
85542
30095
45597
61797
94653
29039
74477
54252
67657
91632
72207
17508
70930
69680
71730
68798
27405
78213
60723
21865
89134
33815
10757
38725
8778
20273
10161
88183
68289
83219
42556
82103
92569
76647
31612
54453
65659
60238
95717
25346
88896
51433
45182
10724
53241
46402
8100
34538
79492
40032
41428
33711
12756
63715
50517
26564
65983
33383
58570
34821
49055
56954
91661
10577
96057
65884
4755
59913
24150
60223
19522
91082
90407
91506
1715
26575
32808
99735
51669
6631
62348
51761
45352
18962
78220
15896
31943
21379
97065
70454
83128
18393
29908
10877
55350
56908
22410
38133
88240
93631
39004
77593
20982
56350
75556
89062
89414
67348
88889
65571
47399
49465
76855
58825
37256
76447
29705
68074
77554
53553
29553
88356
32570
72139
68673
76611
13983
84168
10807
85116
40355
53814
1904
28181
41063
67936
7072
89128
87502
33452
10329
52895
70406
14834
19183
81788
19817
25616
11899
15938
65535
74465
91549
39708
60028
59656
27945
41856
83237
18066
28720
98690
63232
3935
90426
50421
33651
20695
97967
25944
94896
45042
50484
72403
78239
12093
49421
87125
51025
35092
83440
36636
7377
93555
61261
7016
32475
6028
75769
36063
73451
94066
71529
78245
31768
78016
30806
38284
40917
95680
17948
39477
18112
89584
94138
74409
69548
83528
98890
97863
8063
88285
58981
26090
32732
24411
82031
6415
89182
36979
50019
62530
19732
79262
15301
10756
84444
18706
15585
72732
8514
59246
91398
96787
5452
91814
18240
74435
10892
86820
42709
65467
42748
56990
92236
82783
42967
13236
82047
71769
52295
86649
66661
1439
97497
3896
77678
69231
21006
47395
94566
37965
28987
70879
9659
92292
84270
83122
75007
10223
57552
49379
5559
4868
65861
19095
98953
97896
85170
26704
57226
88435
94276
29029
43680
53860
19814
31608
71090
1261
67010
68946
95699
40110
66114
57210
30105
68056
95697
19031
31010
65075
54063
36065
96211
18880
83038
87133
88814
54434
28208
96900
79854
8641
8167
41481
40833
33982
32119
55200
31031
9624
27175
84422
98959
44714
81449
12623
4855
22693
51946
38611
3001
12323
98020
4508
74917
6595
21895
48622
42874
77887
59433
22846
96264
43586
36372
5754
47823
94115
95916
56664
55924
35912
81474
53882
86156
15058
10026
43932
47632
73622
36888
85927
41569
39381
75321
70667
98545
34590
74630
58354
62221
54734
86648
87467
77725
45872
16285
22189
57174
11778
64345
81859
6451
8074
84252
51590
40707
5348
41233
13985
60225
38111
67591
43755
72326
25812
75030
17246
49791
24342
51619
68648
32895
60744
76817
31191
95290
17742
58025
65365
44130
89449
40908
40752
72694
99446
49340
94908
60837
39856
41567
11646
93096
53381
17808
51959
20424
36890
57492
94690
54214
81138
56733
72519
39866
28851
88659
14954
89559
70214
36959
63481
21150
65863
73144
68398
90409
8159
25621
15881
54535
76915
73154
92737
64101
12076
99617
2511
50283
54532
67922
66164
14556
12727
18757
26723
17870
87150
81636
1810
71154
70837
46998
10963
28437
96920
78539
1513
3338
72063
46227
13794
45260
23152
52576
98592
71686
93593
41025
64765
49378
51335
47163
2694
79077
8750
80256
63628
4168
39534
48000
30435
99616
81707
45753
17681
83602
32195
84154
36757
23363
57227
72113
70611
90834
56398
92682
6179
51481
31060
16616
92059
85976
33863
55466
34762
56361
72354
62113
34656
23416
30950
25330
12408
38273
26392
82715
55114
90699
16325
47803
29539
72212
3579
57291
13191
29503
69000
18566
61527
4422
25004
96794
35656
9034
52326
56580
8831
52018
93511
99792
85263
30711
11648
77274
37085
27018
8784
7911
60351
63341
62252
20261
77866
97271
69660
4435
24080
46842
78826
23382
82967
6869
43957
83647
43616
46508
23358
9246
21471
52392
40188
83764
84392
30548
72788
61984
88523
86657
49426
79080
76766
45666
56538
73216
78993
39205
36567
70541
12258
43224
21390
25058
64833
52475
10744
78866
45625
27021
69356
98643
99837
43543
63073
44157
35147
87978
79939
75737
37286
42779
11719
90113
6403
1962
61910
31638
33417
53399
90755
2600
72185
16403
75010
35584
11912
85094
83447
84769
25923
52978
33722
15540
95491
47731
61974
62743
54856
47858
69530
87435
45829
10630
23395
65251
17509
5653
82478
54161
94763
79244
36025
61464
90825
62381
1058
76461
6060
21333
5842
84072
59592
66639
63283
68651
95157
25222
99825
66615
83597
75278
83263
95742
43737
62776
20032
9491
52836
32837
21561
95947
49834
76060
34625
4231
90775
14809
32561
76700
51001
52860
34129
21492
54354
30222
38993
33879
57070
43284
93478
80958
28235
69409
85632
71080
27002
22182
28099
5516
65788
45614
16573
99943
53268
89302
58826
49598
6325
95500
85316
10732
19345
37168
15615
66203
67871
61026
8137
47439
52487
94098
78895
74659
18308
27102
639
69793
55881
91127
81850
10366
24549
66282
59114
87132
24660
42788
87095
75037
68145
15668
22760
99411
72999
8789
31888
68287
97458
95581
65959
97249
56695
92791
53459
41507
11347
36621
49015
33449
89980
50385
22692
2106
32113
81348
2826
55031
42739
93738
34410
45670
19712
59399
89570
6315
47660
51841
47374
42940
11103
81970
28562
85477
36739
49575
95347
34576
61235
24001
20271
28933
74873
2654
60715
45508
86435
25851
52801
6675
83226
80700
58337
93712
65830
36827
17045
19967
36640
99823
94713
75691
35928
51290
5469
15739
97489
77310
90136
24847
72005
56681
83333
732
91804
14767
11023
36350
72840
1451
70400
85524
99822
29103
80016
69411
72839
92345
17072
94426
95504
59069
35402
96506
12644
10641
86821
56310
29783
51857
81383
13391
75236
9654
95737
18781
45211
99238
38190
7809
52219
30177
4612
9024
31607
23710
91550
28458
91501
55018
36820
30890
85486
7923
78900
71216
93944
73300
97889
92204
71156
99405
58995
75492
8972
14984
73672
35739
51239
15679
27788
69862
51656
78892
6279
59894
25846
40464
69187
98304
52338
46231
64882
25396
91981
55702
95123
74082
63817
64310
94161
25545
49275
41746
87451
84003
78056
91304
55745
25594
86890
60189
49169
21974
27909
44681
38413
56769
52927
244
47957
27084
21375
39049
10521
46361
90613
20369
9248
75264
95844
96800
6409
13378
71588
23120
8806
46897
4510
85079
24344
17330
89743
62567
61612
8580
77269
73060
48447
64840
61189
53863
40045
48559
68898
51802
23796
36960
28352
5778
48776
55711
11183
6487
90722
60704
62670
98614
41528
66762
17741
88138
7695
5088
62403
36497
3716
30016
84700
5751
71031
91974
57966
67847
95332
27716
63025
98412
30931
45266
14542
99703
32781
76555
2735
95020
99358
85563
96281
64486
86260
76796
33960
78199
4654
70298
37898
87037
83151
36676
58538
21567
76438
11566
67678
71302
18885
64381
90821
90043
65259
39453
89686
39588
27662
22443
32982
10784
49846
89957
25091
22531
15375
34317
99478
87524
344
73901
62118
82252
33328
48110
27940
9282
68846
71158
75589
15406
70999
33619
76278
20223
35165
42784
3548
10743
82973
45519
73263
972
30608
56650
68211
13074
59853
741
89857
46737
25668
44552
10836
73656
93809
42426
58582
29182
12130
41742
98933
39649
60897
30063
86360
45119
73089
31077
68255
30611
74186
84103
11530
65007
95410
20563
58636
33234
58654
97600
43923
27311
87413
2241
78559
48601
74182
88878
16340
15449
384
85729
37766
56410
89602
83033
70336
21751
3190
70138
40491
47979
5448
37892
52504
27597
20556
79624
83657
41439
24382
64295
99247
84182
19134
99252
70035
87234
39154
48443
88926
59715
19269
62140
81790
65534
10754
13818
43664
4589
82579
68455
78771
30230
87218
35849
83723
98027
15832
21950
60702
34121
32499
88556
78449
4359
22532
41579
81698
43366
23026
7483
96080
65456
61740
45942
36685
88034
44820
68696
69940
56876
85228
53304
17251
82364
62137
34425
87240
35378
79797
28996
75707
58210
78103
7399
92581
2518
89039
12791
69931
61653
40500
78236
6976
99802
29375
65935
37917
52864
16433
3569
35454
72117
20210
69460
75654
57303
14438
42490
25962
47220
55019
83570
44532
27849
19203
49924
87787
64711
78764
24754
7228
64484
89401
2474
18949
64416
7751
12094
84922
26465
71195
90110
65146
82299
2464
16017
11776
39758
67740
54210
99598
3418
95881
68920
67204
52358
31560
73903
17223
16788
21096
5922
23061
17201
38900
50299
14640
98537
11143
20326
37829
19627
64743
78976
23841
11691
97261
8528
35966
81318
90665
80135
70987
22542
6805
10119
67131
82582
67802
60461
94050
34000
67542
9894
22817
28572
80829
9084
2662
6701
17966
12804
84281
6191
12527
45916
76637
30994
59994
21565
17547
85149
63147
81420
26264
54938
34309
35955
79512
75519
21695
1501
91868
83461
6927
338
81311
54273
10117
17069
30697
74673
19417
28318
9590
81396
72359
39234
44355
63099
46251
33547
74127
29413
96962
82306
21370
13209
27161
60508
74241
25500
19079
49956
15974
83936
3936
30918
82971
74589
34354
17999
5988
44047
79861
45446
14087
19061
72469
41081
91901
52189
36821
21320
51226
44268
65149
59820
5308
84789
62084
76768
14491
66195
84047
85167
95092
17820
39728
39057
79158
14387
54646
6677
71353
40695
80818
75891
36490
7700
46471
19592
65926
96009
36054
74287
81293
83996
63854
5358
60350
12714
3550
72280
71850
70046
13325
46457
50330
67941
74041
50263
8165
99072
16982
37386
39294
42693
31935
68346
88629
15617
63482
32672
68166
30976
56192
12751
50434
82539
93467
59995
99212
23506
56944
93605
15689
59192
62396
39644
46638
15025
86299
24163
7108
11541
93003
28485
7015
40936
15545
11255
40289
79033
45966
66041
81554
91046
77441
87661
1031
94337
99568
41939
72802
88199
78145
59210
5018
71139
61931
53180
14305
23915
12038
68623
57956
89855
82229
5295
53788
94855
8471
58087
66102
57135
44808
77090
64674
33409
35102
22668
83107
32352
27427
92985
84061
13045
95769
64014
7461
76179
43850
82117
51403
86838
38588
65526
83492
36484
27341
25931
27238
29104
19447
13573
20381
49691
90117
79338
99257
46835
80026
36541
15419
93197
73184
91828
54372
88136
65408
59447
29208
84600
67694
63558
25115
34570
20560
10427
45327
47796
93615
49008
28649
71310
54223
80836
43502
25566
34629
46075
46349
69443
91570
26481
23699
20149
94866
63086
4904
74754
81433
76124
28137
1628
68702
25162
14839
97100
11875
20825
20554
36248
64812
32941
86332
59408
6540
20608
65081
51741
33045
54595
97062
74845
36317
46212
82921
71575
70774
96491
55384
69417
836
92124
83465
27119
28333
19613
72515
16611
5201
93338
74984
77751
15404
84240
26323
12055
51020
97599
20254
20414
8608
88781
65049
72805
89037
63667
78961
71792
92586
49319
16857
30463
83860
60313
16234
28869
39357
55074
72679
11384
58238
84593
97133
22069
46867
17206
26754
4456
86016
2596
37421
23328
27222
69097
5633
98150
15986
55142
6558
76698
93527
15092
72564
16624
72463
89319
99385
16251
98912
29784
89588
68805
28541
31882
16655
23579
37503
86287
46872
14615
16272
37300
61430
78450
61715
19683
91098
94745
55485
87926
12622
36033
90241
10625
50538
33885
23488
55619
72368
54717
54773
23844
10340
13596
10495
21235
64959
47018
14753
70802
8751
88106
46476
73699
86297
6009
85057
97317
15674
86607
1898
51007
84229
82628
5785
90814
28695
59252
98156
45391
96436
14075
2641
48095
59276
6610
94557
23522
70040
1062
1672
50960
52226
53474
32381
63651
42698
17476
98454
9210
57087
35337
12411
51411
45414
26603
48421
26375
83138
61775
74376
51374
52803
78959
85436
33221
4692
35275
26409
34519
40286
24609
74705
80916
13620
27027
23713
27130
68772
4774
82785
60848
25278
84967
86975
60015
7815
77380
23175
30241
24307
2047
11732
52570
25840
22012
11025
87631
37309
53510
93873
16502
20544
18728
63043
62425
5068
73162
40055
6039
69759
92997
58574
30891
33238
53977
43959
12596
66625
80656
9630
3376
50739
6175
29223
62540
50132
78459
61463
70965
52587
25598
3798
86699
41696
15045
50100
11236
53215
26528
92475
43137
94226
95305
43963
63095
28259
9324
15230
58426
19366
71943
30489
49794
13804
17
80740
58901
18161
27740
3585
54458
79537
30036
19450
88818
87303
83345
94131
45838
78253
60613
16921
94091
76234
99214
24824
79993
21521
33603
86577
40739
13521
41828
2720
34282
18461
63107
2769
13270
98248
28464
73874
26936
71236
31584
94976
51975
17087
57798
88676
55857
77421
41067
15202
34682
45650
71503
28983
27074
2727
8609
78625
90590
88742
57372
11239
71740
49427
43100
34867
39491
93267
79090
94611
54444
28592
80153
21889
33187
43796
54030
41959
76619
48804
34270
67023
68126
64688
1879
20161
98673
65624
50239
77084
42205
85822
21010
54808
9428
33133
61343
35249
88108
38742
89214
30896
77208
74600
76435
57468
3667
93961
492
88330
6523
2186
55819
66725
62235
6342
36321
53150
91939
86476
56728
33370
40509
80608
2207
3826
19701
14894
62366
87320
10014
95209
68376
40471
90058
86327
97950
69364
94339
73402
83477
1602
25287
13456
72916
94468
42256
82864
44614
98919
64450
51752
47431
59292
57698
75204
61620
18034
292
72963
17848
33005
88498
57346
33228
49489
20309
9182
89538
25674
4233
36453
36251
47210
70470
49842
32587
5441
9537
28469
61532
29789
88262
31474
90796
99559
81922
94369
72509
6508
44822
32408
24043
67271
94129
74567
28272
57722
48187
99827
92079
23404
71652
35915
83627
81170
84807
75325
89126
20232
86652
3118
38358
44401
92360
72164
6974
13381
55579
59868
35673
17618
27478
73289
49595
39188
50375
88801
32792
44859
13448
92453
3906
57212
34130
2706
19664
70087
64123
60758
1766
13354
67243
64940
83924
33255
71880
22295
23973
88795
61844
94100
36687
79170
55733
72596
39653
2996
86554
26924
45128
81324
19108
49079
13803
17091
287
89972
37034
46911
17074
52449
87808
24311
81310
47606
14639
63037
93802
78628
35681
50888
28511
97766
65708
26613
20602
90212
43518
91439
31982
82829
74393
52918
58541
14696
85596
28875
37006
99116
66106
41364
76123
95664
29016
32419
42048
45866
42590
45078
13507
11922
2497
24172
16915
67865
26061
19785
68974
55107
36682
42760
38104
54485
6961
62101
3255
97650
72228
39604
57852
42133
53223
64850
63315
93774
35434
24216
80039
97108
57907
24188
32451
63097
21156
34156
44495
397
82441
21992
24961
76804
18695
5716
71117
1802
1986
76718
82911
5819
46442
81744
41391
69118
53295
82683
70486
32753
14912
79648
51791
82182
58029
58763
17598
40440
65410
57791
62295
33553
23621
51998
20432
12356
98252
14119
91049
51085
47666
76923
43906
57505
16509
15939
48280
14650
21188
19668
87679
29216
88112
12195
75752
74744
6215
45640
77183
76835
81343
74342
47319
39799
34234
72954
42878
65430
13923
9578
16498
54659
34251
16890
81263
49602
60591
38366
42546
1123
68251
74402
75975
88073
53462
83418
91940
59327
73119
99976
66193
87743
76046
65119
56556
88897
15508
17467
26504
35064
61069
42092
7518
84179
74603
80147
33738
86282
2693
76237
32951
35209
94261
1114
49762
14641
8790
58618
20793
32754
77941
74329
66087
42074
80661
33220
64590
75723
41045
90658
38796
73743
87584
67250
50845
38568
74443
88297
35980
8664
26747
79686
7418
21386
81669
55488
60750
23559
43314
65070
14143
37220
99197
82686
3675
67691
91860
9003
77091
88366
34596
37053
95745
75990
54772
29073
81658
27676
72808
55813
77735
36999
47993
70222
45528
99505
3792
97603
6498
88083
70200
79491
95605
56746
15869
3127
58525
12710
76861
80275
79653
5140
26430
16879
80522
79173
19870
72061
3328
86678
48790
42548
31721
27889
62498
4944
46265
36055
41212
36989
41188
52589
95511
54639
29981
40973
15500
90663
52766
92647
80650
52522
34469
25448
11581
28767
80346
91341
87122
17903
38387
27629
34565
14880
30949
56441
5898
70330
49728
52393
85829
87677
53048
97215
37360
35916
8235
54833
3402
55860
11088
2834
28278
94823
24787
55944
69717
32986
27455
2675
48569
51511
29728
4979
36794
26267
15262
71688
53197
96723
98482
53460
19552
48832
74247
24461
74506
9385
46364
24648
45595
70654
84305
6428
93653
92828
84712
18999
3042
91051
94628
50417
55802
76089
82492
3795
18398
5305
49087
79447
28169
19922
73916
551
34316
69799
60408
66211
3888
96462
62249
46758
48916
45636
10324
7339
34429
89136
95402
94791
88758
17855
17254
18485
39388
28011
84364
58879
3743
10265
53233
56464
41399
34225
71359
94469
74578
91843
14563
704
96390
42617
36752
67491
467
23684
72282
56359
45082
91548
32468
46161
89165
2719
20618
90926
11885
76579
23906
27543
99675
76479
13298
83581
25139
93565
7464
83693
14972
75495
79532
98384
60187
12882
31231
69253
83163
17507
75189
67025
62051
86761
58579
20468
78777
93996
22896
2026
79450
833
22425
71254
30619
98283
42195
95771
76763
33968
34991
55583
29242
48668
72033
35499
52956
86984
85035
6087
33509
33330
8996
84497
82343
56677
55606
62629
88550
19342
63413
3643
94550
52474
65725
84956
58677
96681
34230
66382
55873
26729
14755
78577
95979
62985
45700
42153
90256
83992
46043
36101
16192
44807
72466
94843
93264
72455
32589
54230
3874
43566
84243
71930
23910
72151
24618
61352
85947
10478
9781
89640
77424
5420
20011
25109
94277
12638
89389
98222
75555
17944
46304
10010
901
84330
58862
54355
63111
98246
76730
27888
19443
55848
59490
92652
48217
81113
90980
71632
74793
10749
89419
42771
62327
70331
41887
35566
93326
41955
95933
95173
29695
55788
73643
8089
42419
38706
40690
47490
89348
10789
86826
41122
8227
88854
96710
43976
31035
95809
2326
66986
54950
77873
25990
34705
9672
75434
97181
91147
8052
68364
16274
87848
29499
46424
28609
61329
35809
69117
74375
60885
73897
87894
82389
9367
31286
91895
60109
54747
49576
22237
44710
97700
14962
1992
3887
6788
56066
760
87462
26544
99589
99686
98293
83334
90916
54788
67693
78734
79345
1481
47419
58745
60043
59016
94811
4609
82179
28831
60561
90840
20894
53325
69919
81259
72911
53320
8642
79597
47920
69016
33760
64455
60403
39201
68855
99390
28341
57253
57690
49963
84064
54740
29451
19946
71984
69830
74494
49402
35921
63229
65105
83863
80882
16424
52543
75687
38045
97041
53162
61222
24324
46405
27694
20601
53034
2854
64064
18790
53254
17349
47314
95681
31422
89448
91739
96662
80333
59698
97476
87153
64837
39759
62653
4643
94024
58856
90998
49681
97118
95830
52035
21596
4114
84527
13431
4229
60474
68438
94685
64371
48629
97791
12998
70697
92723
12721
36203
57531
26930
8693
28773
30231
79091
16828
41935
96790
31918
33529
53730
24918
64547
48449
25395
67703
27461
6890
83579
61184
40381
3568
30792
55487
3976
6820
61794
90860
31592
20129
19996
85213
33626
71314
16648
43204
95773
40330
26935
57217
11888
9462
90816
21144
42188
13640
12290
73612
81416
40584
84872
69824
78594
62560
79825
56911
45842
29547
96811
20413
72684
12338
10464
80666
14421
571
15945
22335
86529
91621
55183
26699
63635
49265
74328
67667
60820
75855
96041
92650
59116
93794
49591
67117
82768
41422
35969
51227
22991
77637
44174
55908
61708
46235
69467
93342
7040
55498
806
16673
93018
43359
46241
62732
83959
11913
53995
48722
93669
30829
91151
49199
50945
59260
10842
26468
65714
43039
24514
85790
47905
18897
95227
13231
96760
72267
86655
13510
33734
56747
6670
57280
64676
28377
36537
59470
97230
79250
50747
2829
9808
34382
15179
28094
94257
77852
52957
37449
19765
39139
71410
14819
18369
93765
17190
14351
87084
79539
2585
56187
84342
96848
92114
96785
26900
16750
29311
20387
22376
90230
93182
25344
10182
76759
85210
63886
39075
99010
38432
39739
63005
60846
93414
73764
45399
45366
29135
52588
97399
51703
31775
768
29596
9994
95124
26534
84241
37796
38643
44952
61381
75616
96106
40360
45386
37568
9195
36967
68938
72028
95580
73064
34903
92846
36607
44758
13492
81174
637
99213
95989
26330
68710
44812
23212
95118
18576
29272
64855
12815
75753
21103
33806
15621
24121
24260
83125
82887
75617
58138
75808
31012
72874
66496
6111
10723
10005
3100
88156
83544
33947
96641
88018
59232
26800
71533
86208
44997
8522
77258
58169
64576
98694
55044
77984
50433
44209
84879
2741
31759
66779
41370
82675
21540
82226
2242
72487
78467
47158
10600
92420
62205
31969
4091
63768
49051
18617
18716
29904
93286
38657
77256
81637
188
63462
13195
58625
37214
71477
3993
35074
32872
26803
43182
27652
16406
27004
61029
77792
97241
43727
33451
48026
22194
5439
98265
87855
35130
78569
5352
4250
96317
38681
35568
68137
63504
61917
70431
62506
95798
55391
79342
12397
28794
84244
65824
14810
22328
8610
11963
3337
72114
69262
41601
13234
18274
33728
82233
37913
93501
70986
44662
3810
1973
82609
86257
20520
56629
73450
84139
24674
30912
11138
47421
85349
93456
80811
3096
77289
22587
62026
68678
12894
20637
58647
70593
10246
8989
64109
21779
47435
4139
12186
10287
82559
39359
46350
81467
96014
71546
38444
87857
81610
56669
7057
68111
79625
29833
93851
49177
89654
36235
99677
78618
10229
73122
15237
77781
92001
88606
98218
69887
21032
68815
13748
32046
1950
7706
95673
63866
84337
29681
63213
40467
13711
49865
60558
42471
3213
71019
22333
14785
40618
16334
64695
52989
56961
22598
24822
70542
85674
96341
39252
41410
54276
27025
93209
66395
34264
42029
70855
25890
87098
63075
69483
63726
7937
74490
35411
77371
57338
38875
82857
76521
49689
6232
33727
20909
20692
42810
37110
6601
66444
57130
56559
55967
37322
15099
78929
43329
93977
95450
91284
25018
81224
76605
53418
98861
88394
35191
33285
99668
44228
94264
36244
17002
83896
74866
27496
86067
6920
5668
87684
52262
5830
56086
84782
95422
66706
278
58576
25131
10697
88669
76957
93068
11730
55102
85215
64406
53249
12568
75017
11477
1648
78553
75131
80400
74309
83305
74404
72471
26518
16810
60201
48416
21082
73695
65076
66053
58842
78812
18797
71990
82658
53142
39006
19531
86079
39153
71660
55855
682
29968
37992
97644
78090
35781
872
28783
81942
22535
50125
1265
78704
77833
46628
47943
84624
63244
92195
34986
84359
89936
93098
42856
13490
66526
34203
85022
34892
85269
39012
94144
72523
35044
46749
68053
36349
64417
37827
93618
81045
29420
30748
25653
81953
24494
52987
27254
1595
90322
97548
13629
63972
36041
31564
43826
75633
24943
73522
89819
12691
69319
23930
10566
14474
7609
90032
61477
22843
22255
57159
50836
40088
17244
47420
51978
1369
83634
8621
72777
43085
86028
20226
21493
37452
39220
95207
2876
7226
37438
3122
84037
26054
90833
56803
84954
17338
97457
41730
61585
85816
75650
18318
13262
59992
27438
90976
28032
70849
26653
54839
49600
13637
18197
19368
33752
54714
71397
54098
93065
67519
50623
93218
81152
60221
22782
47788
24497
23636
98775
45705
56533
93993
84768
97193
15128
42356
41196
58475
99244
28130
342
63527
30046
20377
59129
62582
6584
9062
93137
7137
28101
43160
47741
9351
68445
80834
4935
288
29310
6439
89679
98287
82320
48384
93142
97584
16535
9250
92287
12410
63247
78645
84899
23544
88594
71487
31267
48667
87471
49084
87453
14695
90483
64230
28647
60485
70104
13383
10878
82211
57107
21508
51329
26791
60120
68147
45215
45572
26339
26730
36848
21160
54900
73033
23593
82370
69031
83356
72829
4342
34950
63799
47804
890
53217
62269
55447
30053
55149
30853
65950
16480
59324
66075
19204
79579
88090
24537
54730
21993
99360
38030
99064
82825
45071
16892
25994
12975
79643
71714
44046
80458
10900
81893
61491
22901
17150
24995
50201
59684
298
5608
38525
6353
47452
29416
41617
80597
30966
11274
82562
11896
64356
14392
50822
48550
76088
37527
46057
82595
49605
3994
12378
90729
58665
73268
41864
78454
19895
29680
7046
32346
8479
39802
33042
71997
36295
8254
6603
73811
42214
68786
35837
62865
96852
49943
32599
10948
81602
65096
38701
45123
93424
77804
70324
17567
89185
8659
59110
22650
45864
20623
16917
77565
26954
958
93513
97268
66731
72391
18619
74547
51571
82311
83675
14460
14528
86305
3063
10109
28881
72637
46089
50236
37
53058
55492
30653
21168
60331
88127
71357
96676
67856
77724
48841
83784
99094
47965
54631
46495
77582
53301
62008
14053
20246
68861
15343
9649
94928
35957
41815
42629
91312
69787
51132
8324
21306
36274
75435
66736
57937
32757
81088
32911
76692
42022
96384
10032
49723
45911
7183
91091
64335
61946
41773
12703
85998
67115
32960
92542
57624
12154
76650
47857
51631
93683
56220
574
52478
20187
12003
3790
81694
14141
71029
17163
98802
32339
13475
77907
34092
45324
20190
2325
36177
69936
3082
30547
43984
40720
10381
95397
89658
22469
41625
38341
61493
55269
83435
39729
74148
74283
32876
1182
44761
16550
14539
45566
69042
16508
67873
48091
37021
15030
99646
75557
45137
10187
70426
56376
3390
28900
21395
34436
5612
65244
47224
82181
67249
60132
79584
97060
28319
9722
97797
28925
97173
43949
78292
41956
66074
27197
19090
54850
85495
71315
34757
87172
27897
68964
71277
75233
17427
36935
88904
33186
83307
10747
32642
26154
74574
23079
10378
47787
19800
7140
14480
89657
57506
22104
81440
62962
70419
75350
70210
9936
78181
99962
44496
42257
51889
56902
31336
99012
12633
57890
90586
9341
40275
31043
39642
4854
54377
95193
94069
92932
43318
65745
91339
36034
87658
27778
73825
97056
41972
54148
74786
22953
8294
89554
88808
46957
24111
7357
9856
24298
41366
79403
25916
55014
67145
11082
90033
32659
64347
72022
67246
10519
55809
85592
73853
34748
76027
6435
25140
9961
61282
49037
57318
84722
96574
31277
35978
5597
31613
26527
27822
87159
49462
95321
78512
59561
19948
44988
89417
31397
17159
93488
89115
33140
79862
17491
83212
2795
7972
10698
81046
68155
18159
70273
24027
28202
31379
10783
77334
91519
63705
52357
31839
38792
45148
5506
51941
78671
358
89230
84056
98440
66845
37976
17748
64476
37631
30832
63248
2006
57337
4693
69900
1039
80191
62159
73042
95642
38274
71483
31737
33686
95604
87062
22271
23474
88069
22148
85240
68790
99495
68582
75282
51293
21124
3521
67002
38064
9156
31545
15401
92689
82588
61012
39152
60759
47953
9663
54560
1175
8236
82953
14951
17103
14930
27463
64584
16604
77001
65479
15780
5926
55196
19907
94381
32159
31821
60334
55120
68135
24532
68239
32873
3751
25007
37367
6725
85131
89746
47622
33565
26071
81237
60990
29398
32353
99875
2333
13196
54477
1423
29587
65785
40218
32545
88202
13159
77903
41615
87788
45581
45290
28223
74336
28277
93840
38602
1953
81131
10788
67286
76783
60600
48424
16689
9685
26615
29849
18899
10308
51289
98354
11464
8239
64173
55665
49612
57893
94646
41020
70753
37931
95438
16047
78838
94801
68283
62344
12897
78882
72451
45873
90106
20132
60637
5814
49290
18554
62436
46123
6520
3250
24140
60104
77476
67467
18346
57433
35225
7774
16185
9980
65773
67318
27464
95258
17318
11208
14787
64640
98336
30567
40376
65233
69770
16464
10652
48614
55249
42733
7520
58374
54052
48764
46126
48296
90026
10717
60305
6799
6367
55616
86701
23004
14511
83910
42505
80566
80138
68490
68041
85567
26233
43873
89931
23921
41623
79521
60573
33898
61567
39293
52403
10099
15672
46825
72705
61071
31154
13311
14333
13888
70284
54023
57249
68808
31692
2290
69781
23489
14705
60784
19847
72486
15165
52815
8940
40702
37573
41323
97586
85487
76379
43503
77902
33618
98552
29158
55363
1496
59157
45663
25056
57944
45828
23223
8419
84219
14023
75067
16821
37114
72062
63871
90208
4491
30278
8881
82925
7379
11189
82278
16751
96089
40642
58360
15511
57542
34627
55957
61519
32795
45834
70553
57040
62337
11307
51792
49724
46173
19037
71016
91126
1734
73398
42964
80550
82295
30103
65777
1373
27978
14744
54786
28049
21112
233
90187
86235
64314
89725
93072
52137
15097
76753
88610
20008
13446
44173
50194
97152
59008
50115
79933
98760
7450
50998
83594
37318
65622
18443
40069
77076
37248
16315
9833
63547
59912
58129
98212
75684
70070
6564
6256
62718
87536
36003
53754
37790
13015
93237
78284
3648
89561
77330
67297
52380
83457
65841
57514
51914
95611
37684
839
3389
96568
81869
55716
75343
15666
58303
56146
29067
71472
86544
99034
780
56145
62306
70537
99256
32797
43272
81927
46859
38726
41661
50706
76271
16392
33215
62735
8762
69183
14783
60261
6250
54575
82157
11419
97245
29693
58941
3486
83336
24490
25645
42135
82909
93824
63742
81497
53059
28434
79983
48391
11222
90236
49195
80913
49122
65433
80822
17612
1046
20759
47455
95968
63228
89674
5208
18944
26105
11597
30140
47244
46575
52582
36724
63684
89181
66405
60443
21240
40868
92585
63288
90906
7098
93129
19881
81596
31971
69186
29330
26045
71165
86540
10470
4242
48282
32149
10913
82261
7190
73295
32334
30517
52675
80938
86813
25850
59385
73634
86918
34064
70398
81015
48853
13647
28623
62827
33117
99579
66885
58737
84569
32000
87116
38930
38227
56092
70106
46512
49589
12026
98898
78155
17457
33415
12757
13930
36199
81194
74192
80085
57157
15734
1214
7750
53545
98053
86176
49388
1494
50841
7334
38393
91027
1258
17487
97134
21446
81858
61571
78323
72147
61681
62591
85123
46151
60815
22575
25081
44112
40956
56210
77378
30116
76335
87328
4074
53774
59527
92749
22200
63949
16533
5114
21477
81849
7721
26752
63910
89639
89507
67808
34613
43390
84053
17255
98532
6253
60742
61346
92937
43723
96326
74502
8812
86421
18623
55596
32169
46062
58061
16400
6404
77912
37749
35923
75453
39770
87512
16905
69651
83619
9487
40747
91394
53570
58123
23715
85455
41786
82490
12079
52955
80991
73261
76214
37549
16483
31187
22790
83408
16410
74277
2908
45731
44829
67306
97852
83101
23027
47500
71550
90305
84233
69583
43799
61528
39284
93188
43435
37247
8837
98862
88768
86404
36283
20622
9010
79350
56396
91011
45048
56115
82646
66493
82620
62863
11410
1488
1346
45183
45880
87205
57564
78928
90385
35302
51852
25961
85232
65799
78042
75932
16005
29770
37597
70620
68105
42411
34405
52843
76422
24399
37188
86135
17831
62734
38448
86740
3129
46108
56015
75785
24815
66399
31261
5215
19011
6379
50693
26327
83387
69472
28685
35783
92090
9859
69934
12270
90556
742
8952
81552
74439
48488
6698
51111
69738
86773
73211
50361
6828
62380
18002
56422
8833
69434
42203
28927
60301
29062
38693
51045
26694
68409
22569
23124
19793
76992
30933
87949
39214
96659
65124
42491
31994
83085
90402
15256
60521
14196
55709
61109
87281
16847
86304
81932
68977
82791
78291
95924
18085
156
5
14027
61718
62459
95627
92153
64604
4282
70801
89424
50176
36228
45003
28034
2582
84902
20812
64144
56822
10552
95836
5207
98481
59634
26569
31689
73997
25871
19471
89989
7364
98510
21901
17564
8003
55615
32619
16871
78383
31306
91968
64734
73024
73070
14402
87800
13555
76883
53770
44700
99057
4807
46620
8687
4383
52602
30940
65845
66954
7485
40164
63114
2175
80708
9593
22504
7398
58175
48016
57066
84221
89148
38807
99680
44232
74060
67429
81657
57529
85121
64554
58352
32209
84517
33282
9802
92152
99302
92806
26734
88879
20267
95324
97176
1834
39841
39232
83658
90897
29068
66624
46578
18547
92329
31044
8192
63928
95637
5831
20564
97234
12126
81472
54910
20086
41116
92094
97466
28838
29654
41000
53200
99219
38563
75362
88094
71611
65270
22094
66412
94802
24509
31494
99056
97200
51860
50777
6399
28164
31932
47753
6978
68274
84785
15549
11311
26294
82542
82867
64502
26118
14677
90846
18863
7199
37640
57006
35553
8604
69956
70949
19723
31214
53677
11406
81988
39050
11631
75442
90234
73151
7666
46236
26120
86351
78557
60753
89784
34542
25427
31467
8345
70646
88097
41176
11066
25547
76449
33048
51019
38708
69535
17229
53738
58836
77598
12231
87528
44432
18563
49407
56046
58093
98468
4285
95344
46393
86892
93076
5611
17417
53062
61436
48590
87070
80726
71975
22898
52818
11598
24936
13617
18941
74768
72446
41214
19699
97204
21631
9268
33609
38569
77398
16663
5416
56023
54232
65548
27591
11767
57009
58355
78871
89612
69927
72717
85037
62861
64647
38549
74696
61192
86455
72265
37440
45768
6651
35830
28909
55810
99182
85811
68340
31506
52990
1859
92181
39694
86199
16290
92815
39069
26162
69545
69542
56996
24065
66585
97738
5050
72401
16175
3439
80354
72131
81963
1636
65753
76593
93193
87161
90098
39816
42773
86344
64707
23221
9582
50778
8395
76573
70673
26705
96085
1683
31000
63236
32174
62000
98987
53804
30552
20079
30527
46274
26483
12734
68847
14833
70728
40073
86505
66907
5356
18640
47813
93992
12500
40359
45341
58199
39829
289
21785
66179
16987
35065
73056
63258
60816
59706
34752
75700
96812
31787
49454
50077
31168
45813
29373
32899
87767
43882
91809
6586
61934
77967
18762
20157
38627
17535
61461
2521
14142
77553
25745
71731
78352
60260
78718
45294
13999
28546
4975
95957
66751
64013
88405
38307
7144
48107
49708
42101
19894
72931
53159
23272
4352
75625
73629
11720
56371
72898
13857
13873
87698
85635
84493
20185
66882
28432
93933
23330
60527
67731
54445
45743
96575
34301
35827
49423
39360
75260
51187
28958
95746
1577
42361
21904
1151
41
29468
26144
59010
68199
64827
15389
11866
96003
62520
55490
55538
13892
49097
46809
90291
42924
16990
21311
61276
28160
39532
5732
97862
16301
58960
48846
28834
8499
36196
66181
76341
37621
93897
95039
56183
2370
69547
14015
39300
27539
59851
48735
79612
64249
62777
45382
29011
77166
16079
18095
31648
25036
430
73000
40475
96825
21068
72606
46257
68894
64382
84762
37263
99097
54847
83324
14657
82769
82596
65682
51533
73287
80321
15363
56737
31827
62102
10586
6189
41266
35176
92497
45751
30622
69057
48752
73918
54810
64691
57618
64236
98554
82425
18327
62509
53117
47088
96001
21094
6310
35465
67068
49884
79007
61746
90467
43761
40606
73383
93982
5300
30731
30441
9366
71663
510
57935
29219
90518
42321
70266
72059
61815
31830
62744
81181
96403
82863
27974
91862
57909
90010
97528
88508
94753
70261
62926
37204
17375
92026
94813
76942
26628
6730
61368
86962
32181
27758
7447
14122
89849
49320
70415
67089
7642
68556
18956
93706
66368
72253
6613
39178
80349
76384
44004
47345
55635
67241
25351
64947
80006
74269
95721
19883
8821
77392
52592
71367
5704
63931
93736
46931
61179
6734
52099
80498
37327
4516
12097
76385
29288
43974
71749
53395
15554
40058
73923
40167
95893
90127
91429
13271
87439
61002
12594
55314
56382
50847
98728
92206
76020
86802
31005
74201
60952
88699
24672
71920
39060
45662
52087
10253
18678
74747
22965
79672
11003
63160
78205
52917
48806
74359
67244
55489
52636
61080
24323
1755
20067
35797
43591
740
41581
35163
75818
14627
14907
60749
99033
99129
25133
52742
80417
43844
54405
21693
73640
96646
8797
65668
75738
1267
82572
21104
52169
94408
90144
57055
91749
13830
71819
74067
60756
63873
82914
53294
31851
11950
68784
29498
49858
9682
99290
51616
26424
69198
27732
86915
99022
44821
45139
96447
20893
64894
9816
24059
21220
60151
24135
54418
10169
6467
32852
47251
44836
85448
82924
35531
77373
38852
96339
65217
76538
19635
4687
93892
10429
54106
40241
82674
50551
25201
59035
76127
10260
75812
16949
56503
25202
78413
68242
30554
56647
44135
91660
79422
57499
66149
58994
7148
80142
31983
32618
85877
46922
50418
12902
18013
90200
16113
81459
99054
51652
9391
94676
86346
9831
60244
75477
9728
95087
87005
38738
20481
60078
75188
5318
39952
2742
75456
98302
29102
69774
64887
29308
4346
10851
64516
58140
57563
98860
13995
8730
3103
93759
3786
39718
63755
74472
5222
35392
5873
20216
11697
61151
49922
83593
84751
27419
94623
27279
87491
52665
31229
98149
74948
43338
74259
40212
61517
70694
8416
13152
57813
59662
74485
28090
70721
49334
42003
5944
50740
37925
72405
32509
65067
94492
26505
76442
30648
14990
66259
1676
64967
12799
99434
69474
99592
83475
41163
16010
46355
8077
40793
52132
40570
56793
88358
13800
44776
10976
9711
632
56952
83697
37748
59663
22990
19875
91432
92582
62745
76777
8212
3768
22159
26587
74390
15691
57522
98182
42684
92029
5510
63237
77737
87168
27880
82638
73207
19928
97985
50875
71772
87045
73084
26807
81390
83527
41627
52639
30654
766
98460
79998
1260
93202
18502
81048
51854
72188
39789
1011
49297
66093
40255
97064
37880
31615
46820
1038
56744
10154
5364
72023
49506
48143
23340
78477
90283
34925
85899
87538
69888
78547
84763
43047
48492
62855
93483
37676
83327
72701
11818
95757
35031
82256
52081
40870
94714
71274
31532
26512
54802
22272
62464
62274
67032
17521
62737
21856
18669
95751
67552
54841
42572
38995
46869
88521
21069
83108
95068
40522
94974
85068
72176
27827
7062
32751
1219
74570
4711
54943
96141
8123
90583
34495
67681
47311
13084
51413
60116
49449
69200
63837
60039
38496
88055
39160
78207
76687
46342
61260
52491
19692
86685
53745
95738
52625
90752
15726
51994
41717
75525
54373
58898
48777
77431
74459
96500
98565
83879
17385
32194
69622
89543
35875
79490
77851
61090
35292
46272
98660
29205
9448
94755
28116
61122
38543
83179
38067
80468
84104
2408
13125
99030
47623
89566
2379
75247
18568
45779
28624
87816
62002
29177
73028
72629
79358
10745
19637
26978
57917
17260
7829
23527
6806
48061
71172
54703
34162
62032
69623
32730
10568
83214
74750
7324
70566
501
66222
80511
72848
8182
40581
17345
90428
8073
40619
17522
77819
7171
85647
35933
4365
82411
88427
91970
40421
93422
59734
83635
40652
88660
27884
44556
31563
11763
95864
7944
93222
15403
19698
8939
88844
26667
9388
82384
20593
84619
27296
19803
75022
3207
50666
23433
75266
48332
22007
59093
83512
69573
82398
59538
78996
95315
36849
26087
98251
11319
47150
7320
34254
70276
34013
31912
10718
58158
3420
78036
75112
95131
67820
74557
98572
73157
25873
57592
8808
27177
86313
38761
82659
43870
1018
9411
29424
11850
55565
60227
13992
12369
37493
35961
20270
91574
52505
70116
73194
63421
93994
77610
11031
59080
50200
53328
29142
97666
95711
56641
55352
240
6713
15124
23747
23476
30835
26553
19747
45959
26337
58491
61018
37368
60321
82197
56802
5040
7569
1688
85452
50784
24799
65317
9708
80306
39367
67044
95408
52745
7731
32289
9009
25699
7636
14582
20983
29559
58371
74690
97289
12017
62538
47199
84367
91919
44734
13911
59525
81556
4015
10612
80763
41377
68292
85360
10515
21948
45847
27373
10823
57714
9990
77815
37405
63964
36582
36578
48597
69294
86145
7243
44467
93852
15863
19327
6939
7059
74539
2710
347
3476
56308
21635
26943
32718
55217
90537
63912
6936
16280
91896
47722
17011
4751
18972
4929
84579
7018
21369
82367
87384
48063
16411
69203
24921
72195
6225
41475
63394
1990
87474
93510
91823
95996
98206
79982
15642
31040
42264
31435
8753
44688
59099
51077
62474
28633
77954
30951
33031
72421
23503
1430
95985
89758
1084
15453
81430
78583
19547
88144
26646
69054
29732
21362
27208
67284
47124
38905
39085
24201
61432
93432
42636
26245
94737
10025
21829
84831
34645
7902
9964
66783
51280
28648
42300
32367
3354
77795
95659
40149
86745
26993
73935
30385
25914
13259
12635
93121
32710
17048
37645
40086
17744
23497
86151
21737
85218
42750
58705
26861
64669
44577
55808
63422
13376
64122
57715
99887
93953
19185
41234
790
29350
21645
9201
58585
88621
7407
8045
40094
82378
93792
89400
69247
97502
93922
41425
87001
81090
16144
25353
28670
28762
82933
63828
41476
77588
36394
33490
34968
99457
10074
19906
79870
25836
93272
39196
86911
1064
43358
46360
18857
40677
12668
22156
16793
80790
97083
62144
32460
69783
6663
41849
97762
83608
31754
52802
17672
68234
20090
33925
86231
59441
9695
22450
73834
4145
87734
25577
10135
15949
80535
22377
86966
34789
45359
12008
45797
65545
78685
10480
35922
77703
8572
50622
66438
47132
28655
94444
46467
45243
12271
23216
60209
54352
98727
51776
55341
99643
56800
28820
52653
49542
40219
818
88548
91935
93120
52710
66667
81824
39114
90591
12445
75706
11295
89976
10342
88388
93033
65145
87339
83888
88409
69482
84776
42480
38146
95012
29363
93848
27252
72587
68657
39385
2607
48849
27126
37734
19838
39991
24316
78731
86670
41619
13820
98313
44152
64632
2903
86512
2931
34947
89671
9122
19650
54219
51650
45196
24731
9492
18878
53088
39148
78730
77109
29204
19458
77111
73223
83935
75868
43475
29933
89333
81540
15484
40124
82465
47282
46719
28219
49117
74656
51410
41726
88045
92908
97667
40452
40594
28144
12000
43576
71692
73540
65654
2112
58385
63078
39219
82344
84658
28080
87802
62526
47540
90880
67194
37505
90344
85539
71995
45127
95993
93677
68354
82994
90105
87088
39627
80674
17211
57988
22405
10719
55118
35855
48890
68868
69055
6823
65669
35581
75306
35180
35713
95064
72004
55393
86050
50306
46562
46287
43339
88892
76681
61112
11118
52628
14763
99011
54022
9238
11168
84787
75988
92254
39922
23695
59281
96209
5261
26522
23279
26852
12120
13788
84291
53281
10601
49417
57968
55251
17909
58049
66134
58050
76520
84427
58921
83873
22635
84366
35792
77163
58715
19012
70636
66562
94827
97746
28330
25550
6545
61642
56420
82281
26720
88393
45598
23583
74423
52191
39957
58646
74728
35435
40637
6218
44867
10666
40194
5058
60447
99712
9102
68143
841
14195
60466
37844
33670
8891
67711
2820
89152
17123
97929
79910
59980
85561
17836
5840
79884
2124
39610
20114
95319
36673
93435
3835
84647
38923
82084
34665
86413
10459
11000
64866
72566
76755
26830
63773
91450
33205
39690
30168
97895
9264
82552
72835
2760
98210
37403
69515
26220
33704
30418
31155
73137
75957
49147
74392
70501
97288
40412
68260
9592
33601
98247
45736
86536
42047
61449
22023
19445
27930
84736
21747
66977
29056
16997
63594
85680
6382
66721
22226
30298
74222
41842
27115
66411
76311
53111
67189
22631
83448
27242
58436
67462
76410
99871
74243
44637
7460
85447
74456
22215
85325
87992
14884
75153
71340
61713
9257
73234
83332
69606
27170
16169
2678
24392
14117
27893
68578
48405
4297
37283
10617
37364
14885
21759
86738
98596
22779
67211
21114
55927
95708
33717
33212
58537
33510
81773
26795
24530
10864
52527
34052
85850
52407
77132
8617
75604
79976
61401
19950
89176
71438
59556
95629
75228
4677
55304
16139
81938
79
22160
27733
50576
50093
54749
78651
9717
29966
6914
96534
69169
55959
80295
50520
84941
27392
38024
8661
81481
19291
88524
86022
4951
81574
65378
28666
27821
421
9240
67723
38205
60541
56938
70289
82728
54188
71423
83572
30559
31057
97726
43913
5411
38354
25618
34452
11327
88377
96890
95467
31130
23299
44337
7480
90093
89195
81615
25523
85755
59642
32686
927
1566
53769
18269
76760
15924
84327
75603
99507
78051
49067
20151
90573
35773
64814
64817
33273
67968
86640
13867
77150
83905
91966
39202
24430
69969
70060
97294
24130
78597
55651
14873
17980
28825
45690
5200
3500
10388
1010
78374
94549
87073
59339
83186
31134
30544
56024
55604
99723
34059
65457
21845
67133
66642
33261
74565
92685
29572
55354
67595
75550
49851
79482
69445
81062
33362
45953
66810
83425
11162
63980
381
89932
85653
17070
42279
76197
94460
26547
26365
97459
58451
90588
46663
25238
6450
49242
96533
18861
94667
57783
38528
77345
84059
30927
85626
50470
33118
14253
41022
72182
57706
56188
17542
39982
29334
15690
63907
84205
74566
66800
21148
56842
6579
44099
5806
10792
79695
11722
34027
44302
78244
20356
18300
68679
96558
48977
71424
62860
26263
1209
75083
19235
54087
68112
24565
59163
86579
16764
45443
39011
80917
29280
8407
26643
80612
33880
65473
60581
66044
64159
63652
85168
80059
10081
85090
59034
22622
9635
50158
10173
44610
46249
85109
73830
96871
65752
1215
47068
86590
47035
88259
16304
81925
2731
33257
34100
54641
82586
36775
97745
14358
13816
52760
28188
7647
18046
67944
79085
62900
92867
54743
25364
42420
62604
75140
83649
51847
61701
48023
84251
93906
36441
84646
97979
25241
89908
79271
60808
15195
92433
13183
34093
82086
28257
50058
55914
22175
11463
74145
25418
13105
41461
31555
48157
1191
9260
42172
14228
46806
58620
55570
44837
5569
9348
89137
81236
89974
1851
93999
47184
96110
49309
96320
68953
39193
48465
65164
92096
69543
2534
30139
51462
10782
65628
32637
7349
57845
47610
56047
46267
41929
47567
36007
65492
73025
56797
93145
60075
7765
51762
82349
22557
6784
4167
89804
64616
74706
7996
95212
68551
24850
11487
30759
96934
16075
10454
33918
84816
99936
672
64158
42463
11591
205
88170
44911
14795
32026
63208
33768
77464
54435
32801
30783
32215
9579
973
92121
85178
76036
33102
52538
28381
12854
12379
19937
25693
90837
38809
71432
35888
36130
25494
87551
51873
78939
73723
24968
53240
91468
54762
93566
81706
60167
95464
4286
97024
43419
90525
40161
16319
36044
54530
45684
32
98266
88148
11193
52102
93559
47653
99696
66270
40737
48496
91403
32008
37398
608
30496
31425
91992
99234
47871
1733
29958
67890
42848
62246
69156
51976
72241
19096
39665
15448
47738
89618
46619
12589
49144
11020
46571
19679
82886
76916
49238
77387
2218
82314
27526
29540
52811
50617
54867
75125
79130
67085
48338
47450
24312
28917
69889
68192
19211
93769
9047
35865
31733
7317
13525
33747
49020
17421
54456
49550
48189
6812
87774
34874
43571
2399
7643
76047
40503
45752
1211
83240
35727
34246
12422
90401
24702
57896
21217
36020
74966
30952
94894
48348
49876
82083
12267
41978
76079
41037
78910
39277
59017
43742
11150
47396
41250
29586
96336
92044
43887
23304
46019
202
8698
45975
81719
16737
43499
51482
33271
75673
63374
36956
7122
96427
19246
8582
69516
47168
66110
4633
71671
24777
52048
50240
90374
94547
40727
96821
77546
50839
31590
70314
70282
38235
30180
3024
82647
325
824
7734
58611
33647
50729
71881
17432
27860
44360
11735
43256
12615
58606
61717
40380
17982
77957
72376
59370
11005
99604
72879
94511
39189
64768
89567
69859
71226
3323
34486
92425
61231
80907
23722
54216
77075
90389
19543
1295
44084
50796
71307
4837
96022
2387
55194
70811
80302
75929
63029
25772
68747
7886
65507
57655
419
89496
55581
37688
40774
18652
55215
49455
59705
19150
67473
46076
3617
28048
18865
1203
90529
69292
79224
13520
72913
79008
75568
58608
92167
39592
37255
23176
99043
92593
97165
61686
71329
26338
46036
1278
35308
33450
814
62605
22718
22601
22914
74986
56419
55369
89070
770
29794
35073
81258
31198
6193
77638
60966
2434
99125
87516
5524
50711
43231
20698
75258
10371
26891
33069
55024
63603
57758
9143
19589
97265
22519
60048
7510
59353
36357
17016
51710
41119
80841
64353
75862
35152
18634
26135
5334
28248
59910
46358
86927
71858
40855
45035
96642
75005
64278
44946
17090
74720
17677
71514
58412
34038
68180
41363
97093
10172
64575
77105
286
78839
70534
56531
2945
23962
23160
63356
86952
23609
14123
4223
25947
10432
43509
952
73250
13483
42635
60464
35988
2606
95009
80531
84968
20671
89460
54538
6813
62963
52964
7519
50868
70750
39108
13757
67420
94478
1456
88932
70013
84441
3371
15960
99391
34081
10284
36871
91861
65543
76837
23161
33897
58476
75624
47892
95564
64361
99286
91248
17622
9838
82348
26713
45210
4661
49570
61783
39374
75170
41727
26130
52792
78168
71253
96622
74315
18189
87722
37670
25635
24400
4614
61089
25880
80462
42066
91710
55650
55943
95382
4495
38770
68153
24418
3436
70727
33470
39446
49816
35941
66196
53330
73465
34843
91872
30569
80787
630
58035
33468
33631
3693
53376
51502
40512
2878
62941
51322
78098
7027
22021
69374
70442
39600
48672
94780
24086
11163
39993
77548
7570
80595
17015
23824
4336
62673
2392
2507
51537
3620
41668
40508
92765
87222
39343
2135
25975
84550
25003
8017
48385
35519
17168
43070
31445
66961
68394
34031
55271
85606
99552
51677
8201
43867
18632
75002
84846
42091
57857
54110
91079
31705
22541
76839
60964
26584
2481
72422
20101
71010
56900
77136
90141
83449
45906
39812
86443
43189
63038
46764
68291
41699
33551
74450
5078
97618
71921
93075
52216
2367
37435
36965
93869
25107
60070
21321
44340
22638
23709
44450
98119
77396
89498
33453
30626
75455
95069
97202
24340
53563
7898
96903
51738
65618
58612
68039
43219
29126
54985
24389
99883
20452
6792
1500
98935
71265
17787
23094
41905
26571
22751
53606
17207
68972
91103
96817
84860
74886
64986
91554
37578
62700
31928
77346
71626
34336
47816
11824
68273
29264
11056
30389
13465
59934
13023
44978
94472
56040
91265
56613
67448
12666
27751
88157
72245
45985
89269
47190
7043
81447
13305
63649
90088
57094
26347
87324
20750
60811
89443
15703
78975
25433
5070
56472
85208
83403
31224
75053
72942
11650
76261
24218
23950
78327
72032
72833
41240
79965
18580
91964
86621
99624
77717
21287
38779
35752
98535
53336
21684
48968
4014
71923
64740
49233
59449
91216
78491
83338
90640
9208
71578
40441
30376
36731
20866
43968
23070
56981
68769
26984
22291
66014
11790
58786
41997
16033
14986
88880
43828
7608
35641
6370
92314
3528
84755
50269
72480
30206
46384
91097
91879
87570
74921
990
84651
29383
76349
92175
95469
93752
96034
91309
7904
81091
70755
5693
94506
86534
93737
6623
86858
4005
84851
69701
86389
80747
64838
64496
32190
53157
28215
29983
15414
15495
51800
5758
14669
51836
27611
63268
97011
78915
42089
91396
1550
95409
57689
85174
55875
54670
61377
66161
28121
5246
96092
82427
77874
45552
44866
59332
55900
13704
7761
1812
43454
43515
37907
69178
26113
43159
96262
33442
17797
41211
22132
29852
85202
77658
42402
1398
18455
59187
73317
49771
69789
40533
93668
38707
23138
88603
44072
9353
47457
84450
25650
89788
56930
22590
57081
80777
71012
26
93187
87135
18817
4503
98369
10860
69416
41443
68352
45088
7263
58450
92489
329
75023
79582
80921
28232
39216
53604
20076
70844
94851
75598
83284
94397
88702
46884
35521
5258
90977
79563
78886
38620
52711
30280
20395
56225
78305
70153
76556
77744
63061
1289
11440
67609
33201
70410
89219
50246
50593
24045
55960
91455
25790
86286
30204
75688
82805
72843
29666
46435
38198
27779
61424
70052
37938
37644
697
53309
82319
19132
51012
25536
6904
87764
79419
8931
86957
14214
77889
90153
44611
99248
34869
42405
26619
97276
7910
78480
8110
46506
93630
46408
54421
52049
49761
32869
67974
70049
25499
44392
78653
29948
47240
426
49091
432
929
76627
91441
54918
2324
89950
11636
99021
10096
20464
75028
30045
63571
29289
26386
88494
34466
40933
86994
38980
62219
4195
11269
99799
57378
74011
95082
78250
6454
86970
27682
90903
32518
57547
60027
83855
54720
98049
93688
53797
94398
7553
70596
30700
70483
22625
92946
65284
76482
42660
69330
22559
64601
49737
36811
78211
65931
14678
13449
39068
77306
8830
65315
30661
65290
37411
54064
21780
79881
43780
84326
72612
60307
83965
25630
89249
97891
81609
54893
49416
30590
45788
999
29736
2273
76622
41405
68948
77741
67122
99523
94705
39151
92032
41446
71847
72796
47801
46290
79501
40458
50259
1765
55621
60035
76716
31243
20200
61596
69040
24468
85204
90539
95163
2049
79272
76433
74942
31067
30784
18294
91245
15377
55189
74545
11275
41851
21667
995
31138
77403
81887
92027
12835
30702
19465
8626
84599
67962
43344
95317
92188
75460
75765
11096
17987
12001
42276
28628
36833
92498
42032
30416
10179
7421
5683
1285
212
89478
74429
68413
19195
4913
3117
86423
15628
59979
73249
91830
73557
89083
61810
78188
72136
70650
49292
41268
88853
43602
82060
34433
68666
24687
66540
65072
72687
82308
61874
50630
51112
40048
26005
38667
18319
87198
46344
91307
96725
77332
19275
47673
39785
71043
49105
17619
42095
81083
57182
3881
9611
88054
17689
3776
52962
769
29708
52720
14646
75377
57073
23671
25769
36250
18948
18411
75567
76425
51812
9200
19111
70455
55757
51474
4599
23945
97665
84522
1655
37769
74908
99975
8105
8975
51885
56143
56508
94370
92783
46721
11250
4960
77066
72387
92632
62587
756
92566
30807
40713
19251
57294
23173
85993
57913
40268
3050
10636
15322
40771
95875
512
92017
90413
53612
84234
40459
71804
47222
33181
22400
80308
75571
26657
94160
6312
73278
90457
87365
48104
76448
72409
35860
20331
25714
97087
77558
27507
89018
5503
47937
71166
83805
74234
97361
54661
49293
77043
14433
81458
36973
49726
52777
69358
6311
5795
15111
66437
39042
67868
51347
81334
57850
2150
34551
33962
71072
68316
48533
56197
51627
79791
86245
17354
21080
91093
99207
47541
54727
20951
4277
50102
84378
70036
31304
59766
20139
81772
35919
64912
3137
37243
11560
9716
159
61470
69121
57674
1947
66828
36
91899
9217
13337
52321
8551
58043
8681
19567
68482
19915
72819
69823
51686
9014
36881
53972
29595
55197
17904
70172
82940
59224
37968
46850
7249
65328
50703
95058
24274
25489
61421
74297
75223
28302
8777
99840
69450
11046
93290
56527
92104
3437
34086
4478
95506
84973
86631
50720
59534
85115
20971
97481
31544
52441
56346
56323
72271
21709
62270
57830
48534
9310
63956
22054
37822
54953
52356
88014
39964
20440
75718
6213
36944
81209
81551
87325
32966
38148
26814
55038
28014
19518
62015
99756
27525
2441
21464
77597
3625
70173
78083
26781
9194
92185
90463
96309
53132
44090
18141
44787
90868
36905
41267
19630
34824
559
45893
25565
90471
31463
1784
58783
90604
31348
59629
31236
44224
13973
93921
88224
27132
28201
80282
26314
24519
4877
48371
84349
28439
73535
98597
50663
11437
70748
26475
78825
54958
55402
2961
32581
43056
46558
596
3597
43026
27655
57572
62969
23315
86171
2303
31881
48176
14758
91524
61488
2732
590
48149
36121
75511
17158
4070
37886
63596
50405
82709
44206
22930
56014
69592
60448
1563
59220
57290
46947
62655
34460
59194
84069
11502
14496
67109
64301
57940
19872
89267
62025
93725
2443
35539
17289
98983
2200
90225
74667
75318
85275
56381
55247
81780
84393
48738
92514
15660
14793
94847
30070
28662
75694
68324
38775
86797
93069
76657
78772
44849
66331
91715
84118
94139
22741
44088
34196
30982
77566
67832
93963
7429
80506
31136
81800
52012
97737
34259
57358
84878
27516
24954
81571
77219
80266
73808
83437
4414
28868
99442
36604
27952
35887
35664
44398
39959
26183
73444
95121
99211
94428
95325
65875
9965
24137
77652
37865
29702
57121
9784
97329
70512
40763
94453
80558
17921
77951
91122
15784
63889
97557
77966
19903
80278
32926
55253
67794
44373
90545
77015
78751
9023
11674
52404
93502
38264
20427
3640
79883
21507
56763
99171
91425
31117
70808
88785
19824
25002
60199
76308
13345
4547
49130
35247
21842
20203
3467
33405
22378
12528
19680
94680
44007
20497
11762
80190
70085
63751
30146
75019
85616
82454
95077
40597
36814
18684
24910
24614
36711
1739
76092
17169
40782
66629
8226
55970
39987
93704
93662
80565
38786
30782
66784
76526
14221
64773
64800
31118
32335
56061
90710
70916
11326
45051
1776
25423
64619
63861
22791
30603
59079
20314
32948
83803
29379
30226
7439
25943
46288
52740
80169
22777
70433
25274
6637
31030
8788
5529
74213
80214
45209
35604
5016
72375
96998
48670
59989
16221
78830
9048
62208
62574
91523
90139
92900
43940
52858
30562
41684
97571
51320
41133
96289
90680
16253
81522
90876
95778
18725
54803
85154
64574
76999
36466
98877
17682
77207
87910
86482
50238
85314
14818
9826
44828
41107
54572
66170
57102
62206
7325
71991
33014
38676
92230
36925
71079
89553
29482
236
35273
448
47175
83729
10932
1936
89251
11316
53312
89575
39161
30190
32530
21569
22445
60141
60794
76893
34697
95490
19986
40287
48357
75147
18533
57846
22534
13500
94707
82879
77879
56675
6957
17768
56209
95913
11188
2020
93181
26293
26254
23271
49109
94347
44647
25103
53657
6431
8896
93804
25919
22268
96545
46264
34772
71633
46503
53573
94027
92460
91053
25626
81087
64470
59880
50051
67912
276
41538
20658
56253
86177
22157
91377
2476
66482
40279
71603
70165
3177
80940
42783
6093
67059
74073
64861
44951
86321
25055
93099
12868
25121
72971
9139
17003
47940
31246
16704
76150
10296
97716
27085
93916
82506
54991
72822
7196
996
2171
89833
45763
5636
28782
33128
52434
21298
43720
53739
20949
15886
7323
66322
60923
11027
59831
61628
89875
59391
66367
84529
26027
89757
92991
21212
29136
75485
13202
41794
50884
12807
46923
87602
1518
42113
23231
34236
39328
90038
81065
42766
99347
32002
18465
23109
56913
16686
52671
78833
4214
11349
42554
50947
50181
2983
6955
82218
25307
22746
38815
48322
22276
93898
67390
86765
78447
67105
4152
83731
89797
41070
2489
76806
14149
38468
86448
70880
88353
82941
94931
63293
5954
65103
3274
81373
53192
23121
82371
10037
46839
77180
86206
90349
2858
36536
93060
46286
22368
60599
59570
63853
7563
2707
83681
78844
2567
2512
29834
31082
82902
26217
33235
95025
35631
69768
79936
1651
14292
17558
53262
91672
82303
12470
56692
56055
56635
95375
42997
39484
69245
14532
97687
37479
59004
16995
23417
2704
57864
26738
64093
16278
68262
85297
20790
52966
69396
34944
10350
41740
32969
78521
69782
34082
1401
53576
74551
83518
93178
70597
23517
32324
16165
19248
62910
47679
19809
95747
60195
81393
17170
42154
24737
67465
59073
74199
21185
52703
34168
543
38085
46488
53622
62129
4311
57443
15752
15115
46462
44499
13472
39731
84799
88349
21050
81688
70795
94077
76517
90178
88311
29766
53654
63999
21329
66713
23294
40213
42112
59792
8411
92115
5327
80988
10359
95882
86036
13278
83329
22524
83589
9056
87548
41491
62627
50243
5508
48943
34582
17306
5687
57759
21878
65605
31922
62548
65956
38353
99426
51622
48210
20411
39176
68520
76182
89793
65667
19725
55311
49080
23226
75548
30382
70231
29247
56637
6349
38934
68016
91534
75607
58755
43371
75310
31451
61360
45589
47878
51260
27618
35506
37370
5384
1318
92654
29544
72106
24776
51274
20336
78004
14830
36141
81580
89922
80012
21717
17892
60788
58109
60922
59312
30515
26126
1582
39141
84486
58347
2714
53877
39451
86258
83812
70865
50120
49690
58205
98183
29805
26311
33358
93244
60659
24659
91487
70016
35120
37765
20764
93242
12936
60665
73727
50235
7433
9703
31805
35583
99456
11743
54685
16895
26947
35657
99223
23115
22000
66292
31016
60452
79416
56076
92049
65700
16375
52196
38673
3348
42862
31097
60557
19019
6816
2499
68375
22399
44511
52981
57997
49573
44922
11862
69300
12535
82399
95955
60743
83552
4366
56123
67986
17656
14579
78485
4709
79650
97777
86411
10755
72790
1224
43599
81175
85956
56767
74533
59790
23060
51640
29140
4332
71114
61309
3811
30087
59595
26187
96955
25458
6644
98724
91037
2483
45284
56044
32267
30024
525
59024
78621
8873
715
4727
62510
96392
44793
33011
10890
81428
45604
60274
32527
18074
92958
26270
42077
59775
31245
45986
17655
65245
98742
75302
78860
93837
27785
3760
23679
87154
21504
67203
13828
29131
42322
44658
12604
74824
38989
94315
72960
47592
81812
53444
43313
40531
27838
85651
55307
87534
48285
37465
23897
95180
53809
35833
75290
13990
29541
64836
22467
86687
40405
44690
482
74357
47415
59690
19904
46687
65818
97894
88737
49350
96242
16725
60383
51591
41714
51369
43276
10195
93081
79371
22371
43514
76143
58683
80041
69561
87004
67989
24727
36113
43194
18101
34913
38121
40593
98270
95700
93149
39617
21922
49239
39916
22920
16846
15074
40168
18884
62017
40988
713
57230
77137
42600
75314
77103
21297
10374
29349
81895
23922
13024
13773
92332
1617
82333
88271
34615
48967
84819
30911
44672
44331
33035
47386
63805
9120
49377
88084
95514
60275
45032
55563
56590
31818
20284
58675
51845
40252
98494
64643
98213
95044
67014
70906
31133
45530
65071
55112
35995
4355
3113
40367
72054
26093
78040
96807
8387
91733
38286
94988
57374
88631
57479
24252
22800
32054
68516
71520
42959
12344
16577
27479
16696
14988
76864
52771
94364
40283
76919
85199
69273
33267
46965
23941
29830
46658
16583
97106
63365
65670
35593
51080
98328
67474
68184
26157
49145
63412
15841
95390
75665
66370
35765
96429
84934
35651
65502
53416
83687
86396
53835
22792
73166
98041
84151
36934
88342
10634
83770
23740
77078
366
97141
70236
63759
66243
93582
32152
8823
27614
17553
33157
58020
64425
15936
54074
9679
99334
11100
65864
79897
67685
2410
80325
17791
23464
51595
45189
82149
56407
48854
16479
94272
58900
5904
42293
28210
72600
31662
48875
75466
98434
62942
45408
54826
96651
83950
6081
6588
76904
93853
23742
68472
2189
68670
35136
72505
28294
20052
76702
32102
95551
89257
34636
63366
39693
86913
42978
30745
67329
44939
56616
58895
90609
29673
87663
50276
81268
16182
56265
18494
30964
51147
83558
6074
6492
70937
63471
81380
11064
88858
76542
63333
62893
18020
62596
45378
53536
99933
28765
15167
56446
13863
47556
65455
95669
87660
28111
6629
21906
30132
8897
52965
14290
31643
99087
3411
20024
82356
27895
10186
65048
64719
61682
62694
87704
66007
48522
66654
36479
63664
31423
74442
3295
86038
86278
22939
46396
18480
71361
12155
24510
65452
77220
44535
25316
2986
4143
71627
83196
16609
77908
85788
28780
87199
4004
80145
73493
4806
8076
87674
76634
84832
11522
37197
82786
12890
65855
62239
17967
27383
40097
66100
79451
98485
10226
57926
5229
48769
92444
13489
51074
8667
46138
46631
73720
86900
25941
80862
84395
9259
9974
39311
27371
26266
21059
55404
36140
34531
49888
26760
29176
78894
72586
81908
11651
38493
16057
58340
56853
43074
83208
68361
39231
38839
85920
32700
71750
16054
42840
27329
2031
22558
55003
31351
10236
76354
46436
53417
82812
32880
79601
3506
41732
111
76800
50359
74972
85572
81545
39267
26825
39842
13043
69063
32711
392
13204
52314
11768
54123
5723
51905
6973
79321
18692
59625
57242
58249
74945
19463
82722
28665
58297
86930
3091
7580
44500
19446
34840
25403
52425
8020
47854
74495
60157
30675
12072
71399
27960
45885
7410
22414
25247
9140
47127
54294
30513
65522
50055
91706
9447
63344
1000
31522
69803
70894
4561
45747
49626
23563
90004
86342
5843
1334
45124
82199
98928
8904
44757
48823
92478
64511
66342
94577
49343
71062
80671
36630
94122
47105
85866
58852
38162
17407
50722
30646
46106
78662
36548
44903
13919
93747
44111
28953
68584
96490
14687
7302
4150
66046
43833
36353
50437
59005
97906
36057
68591
79504
6636
76467
51207
43693
34600
51558
85308
25648
35672
99542
79029
89388
97803
92979
59070
13698
80953
311
48196
65203
3359
98487
23131
34836
52915
16999
85997
48339
87552
91081
15569
71162
73836
42331
29720
81926
92009
7223
88301
87649
26503
88309
49040
2057
67768
51259
15387
34781
62579
20765
2470
70944
86788
49227
87104
48415
71948
18783
37781
52898
68635
32285
54454
37908
20093
61570
39470
59881
39325
2077
92459
80729
7650
64489
25242
45432
88317
50913
70215
96062
45732
78853
18233
3992
32222
32459
35050
76364
98686
39647
7296
43481
96792
21406
94291
44468
98496
79117
38685
7572
89986
74614
19666
43986
34331
18142
26151
38141
75406
63838
85621
50961
3364
91358
20333
76315
4769
92171
37228
43579
82377
548
16270
37406
69306
74685
44383
6825
74094
33906
37393
33952
45160
45677
59916
82727
83522
39296
57141
94776
67651
9373
18930
72019
17894
29197
88979
85499
38962
32445
52988
43327
91191
93503
49000
6237
16896
1601
85658
12437
96714
14386
79821
8911
61862
43876
92983
27541
45809
61724
39384
58798
35987
27506
58835
56640
99549
91601
81513
5125
23990
28706
52138
92604
29154
71840
89238
46948
64303
7427
99024
6793
27243
45884
43048
82898
60430
20858
87347
72076
39166
1085
35511
14401
9057
19548
70945
73497
54632
33822
85762
45099
37883
64969
617
37736
51865
61245
47724
77764
21905
14359
45273
28153
32584
5223
70866
74965
79369
60306
19259
29683
90617
68314
56593
56491
56570
75527
15725
6752
3253
93585
70082
79427
79747
5426
39755
63619
58219
51870
38652
10448
64552
61135
41347
54497
50840
75491
69045
97025
89925
75054
16188
4695
99271
66812
49757
86442
36336
67813
34213
3268
75071
87054
27393
36430
39989
53420
64523
51236
6104
42343
59316
54922
93270
39659
2384
40826
70372
24796
26359
27468
11638
88628
84694
5897
5960
86503
33292
83777
53549
91268
23465
88541
28567
92340
40123
65077
7010
26844
70302
95649
36543
39358
26573
23682
30991
26552
98459
62836
40348
8371
46577
27583
47615
74229
46677
65073
30091
41599
45256
26842
30270
15254
73048
29561
74834
20285
12362
81182
63593
64522
56260
69802
92430
15944
86044
62550
16589
61335
87966
61503
7197
88200
60197
26401
60135
33038
66389
7622
70816
27318
47147
6574
17800
51327
33829
57732
84086
55071
11685
74593
11054
96334
83986
31278
60695
77278
63782
57576
14712
93526
97169
78524
19730
72511
4144
33602
54512
55609
68362
74075
45300
157
55732
88756
1829
74436
92966
52096
25936
97742
76414
23705
51543
51593
88991
34050
36908
90989
51272
31469
41298
81737
85962
8470
59056
58669
21908
72454
82557
9629
75710
3636
74397
56830
6966
4372
80397
29376
18606
48525
45120
39242
79319
65450
79700
56949
19710
36473
90798
56577
30466
15108
689
82021
90270
37445
78842
47637
34738
83993
77816
60792
50931
38945
11345
55463
7063
49086
38090
86912
78475
4832
62151
75901
1713
4723
4789
30391
49713
70201
76972
34503
67659
43197
54468
84458
82008
98157
32905
14429
47982
48261
43654
86651
5800
25881
26016
6518
2974
35824
29020
6700
94029
57278
53640
26063
62555
8954
3621
72485
83102
37464
48138
97608
79978
25027
7754
11618
13559
76118
83121
22529
99866
37014
34978
85463
17687
42727
44277
88717
62882
70369
76644
39805
6534
37610
81565
45734
4559
46969
38935
51000
80456
87192
43222
3812
36416
85018
68930
25341
48888
43412
86978
80068
6585
39696
63553
72593
85434
11841
65170
40657
23023
96162
29823
13208
18025
79923
80122
55374
30771
93249
56869
16747
26371
82936
45655
87510
33764
81248
94740
80116
41331
20313
13170
89113
38410
79971
86969
29508
55446
92713
83283
10801
42912
5850
59587
46281
70735
59076
34463
27128
78403
4648
11644
49270
33278
5689
72386
82992
47591
86840
95607
48452
7114
78041
50650
93744
47508
50009
59086
12708
70300
54258
22145
3944
64302
32471
44950
17261
63196
65008
47895
24301
27116
71555
35235
98043
998
66669
76522
72660
69679
69526
29221
58076
28117
64388
9576
46261
50723
35089
74658
64648
45470
35214
79320
48799
7535
73921
71844
85773
26700
17976
58790
40750
57149
47667
56131
95824
76708
44000
13807
80451
57769
11953
22530
97172
99418
5399
74676
72804
95975
68124
81339
64142
6159
72827
63654
8134
22343
13012
77772
13144
78574
72299
90350
96843
98973
38697
98309
15391
81153
72632
82271
37187
10282
37841
92756
4764
13527
53683
15187
5720
87097
74624
85370
73104
32393
44670
17854
62558
58739
70931
6053
47355
87305
69095
28808
60583
89490
8846
16090
24973
1795
78407
4996
8523
44955
11055
98056
43111
14200
40546
38489
35540
91927
47197
44527
409
89760
25791
28057
4942
80348
87241
98063
17479
71131
2833
11210
55467
51573
62390
87836
35200
26274
4725
95267
36709
54089
47538
14003
58952
871
18779
52747
95942
91334
23760
31781
84282
12073
58200
83785
54337
1252
60171
85012
86233
68869
63518
91272
94932
59568
45546
10156
42222
53601
83934
67875
7322
52910
37990
79207
88306
46165
22434
7470
16248
11675
71180
10268
42163
62081
73404
30075
89310
14317
19762
91317
43095
31457
35975
52971
13225
98644
40601
25229
20375
46063
92777
95814
17286
8553
95021
68102
1578
65037
15428
53078
23183
75246
33413
89162
72216
87615
23463
21497
60096
96181
26127
39858
58281
96315
64760
18860
91719
70927
87007
1691
88172
82112
30525
99747
12479
12657
8386
76403
7367
10711
52229
64844
53975
69086
49568
50325
9021
35099
1329
91410
34346
16174
60871
28521
18979
73898
39071
31480
30876
3488
96366
80615
23323
8495
83132
87565
6258
43601
94341
63345
87495
13290
86614
33590
68513
94404
69590
14400
62665
99847
73213
70747
47261
71498
34964
50040
7307
79468
31715
99314
17195
57628
76281
42889
46069
87167
89695
27276
63629
64968
35205
50787
75551
77752
54540
197
40223
20796
39946
43862
88320
456
38789
78219
46292
10649
91630
70288
58804
41638
34814
38619
11124
90296
66420
73914
26276
8571
62187
23003
56539
19544
99081
94536
70617
41450
66692
32454
92180
83892
95638
33130
39511
32101
74828
10365
32238
52401
61427
63942
11839
11698
80713
25512
82520
36689
84128
61623
28971
32690
78803
17017
8455
12524
33884
59869
82353
26759
79592
27174
76643
55479
37519
51780
42983
5402
93831
18543
16176
77211
84906
24838
46205
12712
35630
56409
59536
52932
68637
16647
98887
66807
24944
69588
43321
50252
93362
95481
28384
68028
34624
8054
12237
70430
87071
87083
23429
67958
48783
79144
5490
92022
39967
61394
93049
42900
21434
57880
67123
28025
48807
16542
35691
5343
97545
28104
9667
13462
27708
16658
80706
60421
69104
58157
95849
35192
49536
42365
73817
84122
10441
13205
30936
23676
68705
72365
34942
99152
45421
46862
18187
60933
21470
96021
14661
56000
79919
87762
75121
5651
58150
49567
88111
32484
86385
91511
79114
78350
24151
20868
76921
58378
92148
862
11632
67006
3730
99070
14320
38991
49764
41024
5596
38526
14634
68841
97748
61673
2815
2254
11048
72798
27290
5462
24087
8061
50887
28340
33094
34402
87399
9742
73708
8882
33103
74654
9746
55912
96942
8104
61721
73780
59084
71837
85234
81883
30865
99151
21074
76508
95293
52433
93620
56805
65220
88087
32745
36524
43295
5757
11215
88286
26280
96161
95190
41408
12132
59361
81854
74736
72817
10640
90797
20205
68771
6956
59900
77775
24573
82014
66022
76057
75205
35910
73694
96376
71385
21336
75217
15131
86268
68302
44871
54842
24652
98291
43341
75566
656
58882
55892
61792
20920
629
84892
78748
40311
12153
97912
66263
41556
13279
23357
22111
25776
79709
78692
25189
71267
52547
50241
10434
6669
6729
88476
57891
87253
74282
94572
10618
71929
66033
45886
8786
310
83585
63714
50819
29
76130
86707
73081
11883
41074
80178
40217
14298
50745
85984
23965
89585
26318
63253
10044
88180
37455
92534
16745
34181
74437
702
63966
70438
46356
57779
73378
80058
2448
50684
6718
63013
11306
21995
47882
45512
49038
55700
40423
12346
50950
10147
30049
7991
43167
55326
30739
1339
63222
99035
31408
55968
64914
59669
36790
50812
6348
99160
42756
67804
38752
44443
7028
27070
20085
80780
3577
95132
92324
84225
68838
81084
82818
61923
69580
88914
78288
41588
48427
3703
99537
45549
94535
72906
25084
49890
90486
83861
77293
81903
83823
89102
5118
22110
31893
53043
70239
54112
69028
84960
57224
86259
9179
31794
56534
66705
36736
46528
75371
97654
90164
4569
40656
15965
78954
56171
99859
4178
13216
43441
45586
76166
97190
10304
4783
58771
93827
32816
8195
97881
17906
43453
65851
90689
37305
93628
25127
94987
28473
33653
60684
5310
14268
21403
6971
51476
15786
95879
67237
12448
36142
56612
96051
41199
94449
49168
70919
83722
63572
81356
49523
88283
62887
12069
22946
34694
1317
77308
45223
80221
78601
89882
69925
7139
31651
90671
52667
55069
75245
97338
83519
44089
32511
31810
81338
21674
20547
3487
22362
22584
20615
43423
21060
13614
63091
70744
25963
140
65554
22109
98991
63419
3234
91641
14723
59532
63209
78673
7960
81023
3691
79486
14057
14759
82224
87396
9785
79746
14529
75146
8662
11831
7623
65890
93369
35956
30778
89735
76932
11160
64169
96648
30975
64021
60645
19138
80586
67884
870
72233
69486
91743
84682
49159
44214
68896
57462
62595
1234
72161
30529
61027
30604
23342
83362
58242
28314
89394
23039
80655
6736
27028
98120
88491
64826
84319
54243
88939
65755
55301
1689
33661
10835
98715
66998
89172
87838
56484
99571
65463
3534
83257
58650
87297
55372
51989
27258
71851
49142
78080
92691
24813
9623
37835
78061
36584
10675
53956
68557
28069
68864
5465
80978
97729
95886
69806
4202
37289
38080
57685
92268
53447
67419
16574
11789
80831
8595
66637
53673
86323
70169
3638
65688
80851
14360
39778
59166
81608
19331
24979
99969
8343
34323
1707
52387
94273
98741
93823
2152
31594
9146
13838
78827
28007
62584
26632
65160
74947
64385
92730
3378
14101
84939
51467
42575
21977
47837
41902
62843
76206
38088
30789
51
1465
71429
16832
36948
27749
73117
96319
39415
9145
6066
45303
78932
88700
65261
83137
63214
16459
66238
84788
39218
69182
17928
76563
90967
83925
92986
52037
4950
52360
93775
97747
66432
30696
37564
6397
20976
670
59009
38926
35880
32833
12324
24368
60913
51683
14804
31358
36261
20034
76483
4505
33041
43332
61696
90566
50970
22785
82115
38963
56515
62073
96130
23199
5871
20664
71115
63781
67051
5598
71003
50996
19303
99869
12127
90843
88037
19393
52472
63230
1827
84449
51527
95097
37923
34507
45996
32647
7639
17528
67171
20398
43606
46946
23763
75059
53507
87902
25026
91021
43777
42199
88167
414
10538
76469
83980
99612
25136
26895
33361
63616
7697
70835
14394
91589
91737
90095
46985
95495
69092
91538
22016
16763
46337
48519
30097
22083
10193
66601
58107
99673
98239
87917
25862
8493
81749
63423
30245
73572
42545
72082
20191
6894
41111
53033
40792
7143
46604
86963
3361
15957
30528
31868
81443
83396
35461
94564
51720
4220
48748
11379
14210
11022
81585
4079
21910
24047
98257
72221
47313
17513
36173
60675
30935
59754
1504
11144
33719
69860
19007
90244
2205
49549
6083
16800
20194
5214
98359
2977
44979
47027
92107
46081
48359
52668
79952
99338
98453
13139
17971
67080
19984
4740
15641
73990
33708
2083
84311
54472
47359
25749
78863
84718
39894
60250
98240
79632
31505
98542
53737
49283
30514
85720
45180
56636
222
8949
37229
1730
83978
75919
12876
88691
63277
6981
66609
85968
80915
54413
68504
63113
13723
63363
52499
48031
41712
44835
93135
23092
49790
37979
88397
65003
29735
32031
80132
35726
86526
84153
63974
21130
87204
31406
35426
62339
98190
22273
10746
12706
16576
41487
19919
67640
6707
80485
28280
91369
22185
58339
5523
77069
4835
47511
68329
39326
96280
66320
8714
19607
64772
77052
89241
5160
401
98025
81943
69369
90782
53512
92452
44185
89347
82566
55681
74159
46078
23667
2968
85589
81081
96153
4410
29369
78824
34987
97277
89829
98762
49234
70432
60898
93452
28929
48713
50606
31377
38000
18086
74885
7161
25325
31126
26644
8350
54587
11785
81460
249
97258
11470
59953
94766
4900
88568
24768
52113
20376
7259
55657
55647
90125
93862
63294
69448
94416
53316
97643
87967
50472
68668
78438
91708
19798
39434
45621
33872
86326
24883
76933
7090
19979
62524
22822
41999
14733
2094
73807
71969
69809
75124
75035
22364
14041
53029
85772
94612
83098
19865
35272
48532
99863
73952
64870
8115
85023
52555
74740
13292
24339
51444
82625
64085
69501
89356
75838
93640
75301
46667
76013
38967
94903
61714
14943
42087
77842
45631
5159
90355
8271
38044
7326
14230
42435
69631
43009
85511
66377
59059
29986
56075
71356
70112
81206
95122
3947
18036
75313
29385
642
77185
5237
58657
25746
21838
60112
92031
58547
26300
38880
41988
3188
34554
57275
46648
82815
41320
23592
22888
37261
81617
53887
57836
84715
3990
96344
59940
1396
73633
64771
51135
45991
44964
8583
30361
16568
43279
80328
48557
85273
87220
94292
74943
97535
45960
81364
24213
62990
89871
17054
64298
44679
82298
332
40939
78668
95074
29259
9372
5442
6276
38495
74419
21601
35954
36561
7938
17536
24306
66415
86425
55130
71040
15733
23957
78409
87142
5823
6290
38498
40753
26287
17353
88511
52599
78238
32216
20017
76983
88392
91415
36819
31786
53298
1558
98577
59668
74258
49461
60044
15831
14208
72899
3106
37635
15348
29791
46407
67364
32300
58896
67643
43682
81223
68797
32885
40993
79934
37105
28557
66831
32434
66734
44936
20962
41001
68439
11402
40077
85894
78968
1277
15264
36460
85397
69360
59529
63261
4393
55
16612
6108
1082
84616
35892
54375
43810
17052
18287
92796
71669
72692
97902
97111
85007
48739
65836
38053
75743
28822
34617
38164
85162
24176
28644
65390
25099
59125
92914
80893
24969
1393
93130
60314
59828
90777
91810
99493
68812
20494
80825
1792
43568
95269
90500
90223
12959
87625
10982
20682
38501
16181
6306
20197
98114
54622
9701
40867
42641
62375
96407
82119
62884
13146
38201
58313
43972
30625
33543
62085
69828
73876
399
45605
73305
34684
30337
61561
2921
41142
84818
55866
84120
42455
23142
45704
37200
33275
42157
2223
97161
43921
28936
89277
83611
6527
43998
15783
37158
8772
99807
540
53491
14490
81668
15420
49276
36355
47575
40940
91440
94593
22834
57793
85913
20225
58643
91031
11640
4095
29733
79788
49717
58193
94684
55961
26585
3424
75168
88110
98719
83582
33526
21278
82376
62688
39891
76641
4053
62130
44453
97465
59280
94271
48320
72905
5284
70961
29932
51534
53185
94498
78566
96891
10294
48546
61560
49453
34426
47849
29027
17532
3036
98708
26687
8956
66260
16037
13404
28013
13810
23697
36245
95919
16125
30047
85888
41801
92597
4745
88648
77059
32624
5249
39279
75717
3517
61705
47503
37207
29687
28313
21274
35353
71044
18312
47471
88151
76564
64944
59946
21663
80574
44687
76680
70050
17790
51330
40132
69743
97222
98008
11874
19100
35005
47172
28638
67524
38320
42400
97199
69464
72460
77818
65906
50294
13361
6934
9206
41252
62778
28828
75218
11923
7592
45343
21376
70381
55394
21196
99488
417
49391
79308
42850
47970
58935
71530
5982
12671
15499
37463
61303
3257
65399
6777
83869
95017
22033
36789
3339
37381
56006
34976
50412
10129
23772
57394
35350
4110
81157
7770
58390
9885
43910
87945
11606
11491
20699
3102
12304
40772
62006
95015
70154
81651
39938
45851
71038
29711
78579
20996
46525
72015
6608
48947
38380
29458
30172
96358
65118
49023
69324
90466
83414
19913
22233
86454
7982
74509
3660
24834
65084
14436
78845
80667
84145
24855
7733
70883
86292
10713
70034
1794
29220
65237
30006
16836
4398
93997
71556
28342
54320
90224
48142
42638
67343
21518
49021
6866
85722
45337
79553
25829
12814
35432
10279
34269
54513
77038
91471
95140
22352
67392
70163
59388
17018
80017
57970
53548
93436
51140
24956
36722
27542
91337
32946
86497
39803
20906
36998
38589
73589
67218
66835
71337
53061
35040
79805
3868
50261
67027
96316
44080
3006
16167
56645
37078
39580
58194
13870
65239
13685
96863
84888
41248
40205
64625
62482
49840
34435
1957
96613
24987
50107
90684
30687
60503
99382
61784
9355
95582
26627
84830
19660
22428
44184
71630
78012
99170
17720
59015
42246
34033
80409
18643
44160
12639
36808
73073
97045
90563
72184
89512
5277
31056
91874
89315
89803
91311
24402
21683
71384
91499
47797
78285
57011
33499
58870
79047
52559
92716
25284
50074
97804
25765
70826
63622
8549
79196
97350
73118
16028
18855
67009
98856
17950
11700
10391
46654
27033
29206
41223
15214
98447
95171
23573
47639
74046
67587
53777
65503
68859
9052
38553
95568
23355
94060
48344
72625
33762
4514
71612
51662
9204
67120
31734
91909
75095
87897
50033
73384
33034
68549
24698
4568
30469
8384
93509
8688
30878
56393
87998
92545
92578
62946
35336
12971
49837
61852
27216
9263
76173
97672
5312
37833
77230
76930
76989
29070
94491
38565
57915
55689
46170
39173
70190
88315
99243
60879
18514
57931
87015
37524
99530
59611
89646
30234
61208
96535
39969
88341
49263
21453
94081
65358
60798
53198
45806
47655
60085
17700
69303
82357
19400
99954
27460
14
35554
31816
36134
80399
30602
22595
74868
65868
68335
68188
6377
3180
11184
16520
24948
39773
99997
21459
9795
52799
36137
43322
51068
56882
32302
84605
97705
68421
70015
32956
38840
51817
66165
77996
86487
4669
59737
90587
17630
91763
38649
48354
57475
48960
90137
99614
15501
67098
46266
61788
94529
19139
62153
79330
14570
17381
78345
62335
98703
6158
36962
86294
39130
21270
64780
24334
34294
33002
26958
90649
2729
96304
58758
61666
47058
89761
57281
33605
67293
89548
27670
19438
52296
21622
92299
37808
63550
63757
78136
65088
39768
48298
19004
60092
90191
56489
22307
92818
21987
73738
74038
18591
24350
54813
79168
17969
47640
32241
72313
96896
59694
55532
71838
36539
96610
92595
19325
18497
55724
65515
54399
18644
31992
87928
6288
63418
3705
86741
4840
85381
52578
42872
12169
67544
31780
91085
61091
21161
25124
57363
65803
21907
21458
6386
6418
25682
72952
91185
18772
54988
45089
319
98084
40196
19249
52045
4793
27756
28964
59338
25062
43583
5803
87243
12819
19825
37253
90365
90025
16123
10465
96379
3023
92895
11984
6783
82568
78198
13553
22279
49530
14277
81544
8914
6068
29475
45639
41716
74549
3574
5587
60415
55087
49014
20878
8402
15594
60588
13501
70196
66823
4619
85102
97387
90611
9212
19475
95148
56708
31784
56910
82789
44740
71033
77426
54616
72514
77121
33350
30207
16088
93537
36464
70888
41697
537
34394
23669
67653
1722
25750
38902
83962
81092
85528
69938
54159
32123
88155
35381
75447
34516
31313
36803
9175
70345
92099
13356
30342
59918
76670
63825
17832
69462
39872
290
988
7224
70567
82642
12263
88445
9848
20864
73167
26077
61118
91820
73049
92315
62180
67143
18638
23364
99737
35251
55578
31492
21189
13896
45275
86168
16446
77141
99941
48915
81340
21967
6172
64653
43538
75669
68183
72056
37712
46770
5267
77288
80164
87022
80362
31206
79186
51407
26384
51455
70629
22257
74424
32958
94143
73238
33586
33064
9029
89336
20592
63390
27272
64701
162
68935
31875
82949
54828
48444
18824
89001
23305
12159
64077
44162
86528
44438
65293
74527
70012
1100
16653
12417
56694
24337
77225
28073
34358
96703
99422
93732
24147
50902
85625
20809
68686
90780
54904
45999
9516
79776
35286
33831
68406
27621
63741
88712
55261
70938
61044
34499
18061
90057
569
3290
10545
3066
48064
10171
98528
59752
70323
72073
56810
49776
56277
96803
2017
20714
82025
32689
38502
38011
39538
98617
73163
60203
83721
92612
88335
97120
63239
98996
66167
51668
57606
97128
18802
18456
80738
1774
18534
74743
65115
79715
67604
13197
29549
120
53000
33899
70204
57436
83100
30258
71773
97218
47866
9641
40638
20499
56736
20075
18932
42845
28309
76494
69325
41279
36605
96165
79424
94665
76749
49648
97388
67252
80431
79109
34146
5447
69525
53626
77871
45332
82997
72604
91175
46547
8842
12202
10817
46614
44967
5887
57106
66536
63776
18295
37499
64317
60101
92745
73884
72235
69654
37385
79181
23586
13666
77041
50814
82862
85311
12863
99082
20720
72316
95578
70484
17129
63515
69984
83504
36927
67401
96616
25289
57259
5363
94551
27741
12677
88188
96373
26940
41293
76456
77712
43874
60406
76511
37737
9049
14508
87273
25409
71417
99221
28877
11335
32333
68322
78192
1856
83259
16007
77364
72208
57820
16297
8142
57549
33268
86878
48057
1068
94806
9805
27949
28520
23219
99803
95810
44815
886
65214
8735
74665
91690
75796
83295
20113
73915
89621
33873
67398
51064
64560
32417
72824
59513
97413
27644
55693
66228
78067
28812
19021
66516
37745
76297
61319
79569
70389
30148
90364
13348
61930
23720
86046
90388
60396
15731
86611
68753
63610
36189
63662
12438
21194
46394
33392
65544
58878
45969
47079
98599
70588
97577
10752
25342
29479
44138
43129
43948
16462
48078
50935
95202
39019
30320
75920
32291
71084
36190
22359
15009
27303
44875
43437
41159
72651
29716
31756
72236
35271
75156
59412
5393
25031
98233
98558
46340
3330
9907
38099
16851
19807
96189
18093
93305
66465
16880
55518
89843
87956
69427
75514
14265
13300
97855
47954
12910
9074
91397
43082
78307
91705
45795
37575
98075
53095
93343
61097
46886
97893
61290
14774
39903
51536
84211
46296
75534
92146
59862
11690
85800
48922
22224
508
28553
70768
26216
30041
80390
67839
67571
71009
73192
860
11223
38939
60499
65202
15090
43248
41788
29689
29055
29245
53170
7182
69937
37537
93885
91770
79621
20829
10578
97347
1051
64147
73709
45831
75758
23244
499
37741
69383
26358
83454
50646
25134
36158
51345
66775
55153
48637
3653
43695
1460
25695
81122
44437
67646
28903
93541
18229
8883
9078
7001
74331
65033
24448
80806
83624
84549
10462
87761
816
12476
94133
32748
40410
50689
95052
94021
13905
62358
44645
37683
73236
92547
80353
51904
12891
59549
93107
62103
78967
19270
9841
7831
9740
56289
4602
15379
35421
52000
92443
71712
51495
60525
35885
11230
89087
37602
33100
83617
62301
4104
36373
21914
94683
18961
44638
69061
82105
98441
63446
51106
88516
63138
23859
27430
87340
45213
60161
7856
25974
8304
31316
79344
8519
40186
21158
53667
1549
44419
46630
93090
52011
1811
73269
85878
81134
23860
44881
7956
2880
10669
3072
76319
62276
34799
57496
45821
89614
87809
20033
37514
48172
48587
32483
86238
37459
84800
66917
78362
16488
66617
41486
45361
38355
68501
68882
51647
35870
42531
74123
30549
18590
58877
14276
30799
83638
91256
66371
49271
96136
61538
8339
47173
76404
84847
56697
57895
44750
27097
44065
59902
93641
28908
17062
22047
26122
3678
1413
13974
51168
95222
99849
48704
97373
81255
91159
65
52325
11649
56031
89750
13332
11202
6755
33244
54931
74631
59330
22592
30309
22707
97192
11499
66535
69747
24843
22125
80888
47687
46763
52611
24581
90607
25800
96814
85031
75003
48097
44902
17538
47710
4766
93684
13414
77427
89505
71005
63567
11765
76746
82184
18717
24159
43027
69756
52127
89114
89631
77964
46881
85986
62862
95750
57271
40894
99541
56896
3635
79698
45580
7316
50029
7111
43687
71129
78531
94673
59097
75612
23943
84381
54300
2371
35603
48768
91553
28984
7229
22171
16777
22832
24421
5941
18367
32441
74147
40574
16183
13246
96482
27286
39868
84961
97279
46390
3041
51375
62108
46218
20385
6016
16755
40616
12858
14368
70265
31634
26137
56854
57641
11935
25167
28268
85643
13979
70316
13318
2346
32357
50921
84704
70570
97750
6267
95991
13568
73220
52085
88346
51853
86700
17321
59849
71542
66124
84126
9338
23195
93371
92377
19932
91807
61145
37273
13699
72652
6371
98875
76439
9627
83423
68035
71725
72198
48514
22293
8307
11858
73022
48184
66621
9883
81368
72799
79842
4028
74369
52684
43507
20247
66268
18247
11374
17064
88773
18902
37356
16394
73336
57160
67434
96068
32721
7039
8783
69642
91746
50992
17772
83198
94751
28365
98752
37804
26762
27801
41994
48113
48009
71341
502
66997
4947
17607
1916
35062
17269
67705
25388
20656
35579
99991
64893
84033
42232
53661
83070
24267
24879
76602
68073
86768
62363
85231
22199
61851
31238
40030
55366
43258
86240
72589
7584
34226
5592
71604
88668
58713
16293
35389
73855
39003
75789
86269
73489
3779
84909
73057
26849
20740
62812
3949
62168
1521
1213
50897
86679
9059
9430
97903
74340
13294
67998
45841
54086
6187
25966
44044
14185
54193
87696
80569
42439
91951
25425
21015
39552
43260
57145
6398
20265
1608
63905
64881
70290
65128
98264
55010
46759
39898
56880
7767
11589
42026
90803
71088
52447
50475
50515
48663
30942
76348
48619
48844
93220
9493
10549
65017
23116
74025
21366
56578
68762
22507
60662
19073
22172
13037
3220
38854
98878
53354
82128
91155
45015
27189
91063
83494
50245
36542
91451
82793
67325
69236
98194
28982
51733
1824
19237
53873
55207
78057
58117
45024
99167
96492
70477
27736
13306
72155
63058
36323
75871
21140
19781
38508
30498
92690
7412
41373
2997
86807
61052
7192
62074
4926
49300
81683
48317
73620
23263
2828
6197
67154
10175
19669
42348
82612
85676
94640
90960
57566
73650
38919
29262
94250
28955
78316
77716
61830
35877
69336
24492
66060
12247
4367
30127
67982
24792
64111
66602
63521
57163
42532
44093
26524
66230
71816
27924
24649
84767
12672
25086
81980
34567
1581
44424
64239
44555
44513
31119
3564
98588
19748
35678
51151
99328
37794
19205
21262
5521
67247
32196
97297
24407
32884
17737
95335
8672
25462
68190
69012
83969
42459
16439
85490
30247
29484
14958
50159
98396
21753
77713
18014
91533
56384
92021
26406
13443
89782
31160
14659
36887
19358
77493
6732
91062
97427
88609
39464
38745
11418
72816
32431
73965
47107
56634
74242
36083
59113
19376
16322
80583
47392
33334
55155
83180
15643
43903
32859
83615
64003
28891
44698
14153
36611
11198
18974
51497
90895
67198
38224
99128
54882
87583
35095
42228
33480
58322
95852
50326
99544
75240
50846
31603
64456
35982
9301
89024
95654
18257
53401
31259
51901
22845
81171
79340
950
19752
18388
70660
36891
20311
61616
99714
3552
27169
8839
59190
29662
66898
90795
61314
33587
54830
76946
45320
59748
19844
51597
1487
91587
91470
84027
4262
69315
128
92733
89108
63939
75592
18986
73053
48276
87866
83945
27324
79018
93608
97771
25784
65955
28136
81050
35126
2911
52416
91378
40090
25035
6485
36148
92269
25646
87336
99002
73767
19925
12266
49348
62218
3718
86001
45325
48589
36544
20805
34808
81816
74064
96888
11576
65277
45380
50057
60218
26580
94342
14138
44057
30787
11791
96352
49196
90000
63092
90986
63681
52299
30882
17307
54422
73251
25175
5810
53773
56649
40818
73498
70590
84533
81569
37073
84420
66634
25340
60483
34900
85534
6257
50166
41561
68781
14160
32957
86896
59160
48486
54967
84562
28369
2626
66474
46995
51250
16934
45344
33954
89423
14056
46941
24889
1963
10404
47268
81120
81079
69101
46086
1972
4241
25028
96733
69685
67959
82177
44606
19877
61176
77362
39881
72516
2686
51626
61643
88382
62631
67925
9502
58983
95682
39924
35365
36316
18847
27154
35146
4031
47334
70851
23401
48698
82714
738
82415
60007
72248
91886
30374
22348
13028
43728
73946
93796
97391
48576
75793
76491
87382
92774
2673
39907
2615
53929
5226
45204
86728
24205
8927
25220
23151
14439
42335
48608
20371
51092
59494
2068
7261
12855
81690
27757
99999

